1 12
2 14
3 12
4 12
5 12
6 2
7 12
8 5
9 10
10 14
11 2
12 2
13 10
14 18
15 5
16 12
17 2
18 10
19 14
20 5
21 14
22 18
23 18
24 4
25 5
26 14
27 5
28 14
29 2
30 2
31 5
32 5
33 2
34 14
35 2
36 12
37 4
38 18
39 5
40 10
41 14
42 4
43 2
44 12
45 18
46 12
47 12
48 10
49 10
50 18
51 2
52 5
53 2
54 14
55 10
56 4
57 4
58 14
59 14
60 2
61 18
62 12
63 18
64 5
65 10
66 4
67 2
68 12
69 4
70 4
71 12
72 2
73 2
74 12
75 18
76 12
77 4
78 10
79 12
80 10
81 10
82 10
83 18
84 14
85 10
86 2
87 12
88 10
89 4
90 4
91 2
92 12
93 5
94 12
95 12
96 4
97 4
98 4
99 18
100 14
101 14
102 18
103 4
104 2
105 5
106 12
107 14
108 2
109 18
110 12
111 10
112 2
113 4
114 4
115 2
116 14
117 12
118 10
119 4
120 14
121 4
122 14
123 12
124 14
125 10
126 18
127 10
128 5
129 10
130 18
131 12
132 2
133 10
134 12
135 14
136 10
137 14
138 12
139 2
140 4
141 18
142 2
143 5
144 5
145 4
146 18
147 5
148 18
149 12
150 12
151 2
152 2
153 12
154 2
155 10
156 12
157 4
158 12
159 5
160 14
161 5
162 12
163 18
164 18
165 4
166 2
167 4
168 2
169 2
170 12
171 18
172 5
173 2
174 14
175 18
176 4
177 10
178 18
179 12
180 5
181 10
182 10
183 4
184 12
185 4
186 5
187 10
188 4
189 4
190 10
191 18
192 4
193 5
194 2
195 4
196 10
197 10
198 4
199 5
200 2
201 18
202 5
203 14
204 2
205 10
206 14
207 5
208 12
209 12
210 18
211 4
212 12
213 18
214 18
215 4
216 14
217 10
218 14
219 12
220 5
221 14
222 14
223 12
224 12
225 12
226 14
227 2
228 5
229 10
230 4
231 12
232 2
233 4
234 4
235 2
236 14
237 12
238 5
239 2
240 2
241 2
242 12
243 2
244 12
245 14
246 12
247 14
248 5
249 14
250 14
251 14
252 2
253 12
254 4
255 2
256 10
257 5
258 12
259 10
260 14
261 5
262 2
263 12
264 12
265 14
266 2
267 4
268 5
269 4
270 4
271 14
272 14
273 18
274 12
275 5
276 4
277 10
278 18
279 18
280 5
281 18
282 2
283 5
284 14
285 10
286 14
287 12
288 2
289 12
290 12
291 10
292 10
293 4
294 10
295 4
296 4
297 10
298 5
299 14
300 18
301 4
302 12
303 18
304 12
305 4
306 2
307 12
308 14
309 4
310 14
311 2
312 10
313 2
314 5
315 12
316 4
317 2
318 4
319 5
320 12
321 5
322 2
323 4
324 4
325 12
326 4
327 10
328 2
329 10
330 4
331 18
332 10
333 5
334 10
335 5
336 2
337 4
338 2
339 14
340 5
341 18
342 10
343 18
344 4
345 2
346 4
347 14
348 5
349 2
350 18
351 18
352 14
353 14
354 10
355 18
356 12
357 18
358 4
359 18
360 5
361 5
362 10
363 5
364 2
365 4
366 14
367 18
368 14
369 4
370 10
371 4
372 10
373 2
374 10
375 12
376 12
377 4
378 10
379 10
380 14
381 12
382 5
383 14
384 2
385 2
386 14
387 14
388 2
389 5
390 12
391 18
392 4
393 5
394 14
395 18
396 14
397 18
398 10
399 10
400 14
401 4
402 5
403 12
404 14
405 2
406 5
407 4
408 18
409 5
410 2
411 12
412 5
413 10
414 10
415 2
416 12
417 18
418 14
419 10
420 18
421 12
422 5
423 5
424 14
425 12
426 10
427 5
428 14
429 5
430 4
431 2
432 5
433 14
434 5
435 10
436 4
437 14
438 2
439 2
440 12
441 10
442 5
443 4
444 14
445 14
446 5
447 2
448 4
449 10
450 2
451 2
452 5
453 14
454 18
455 10
456 2
457 14
458 4
459 18
460 12
461 10
462 14
463 10
464 4
465 5
466 5
467 14
468 5
469 12
470 14
471 10
472 10
473 14
474 4
475 18
476 4
477 5
478 10
479 18
480 14
481 18
482 18
483 12
484 10
485 14
486 10
487 4
488 12
489 5
490 4
491 12
492 2
493 5
494 5
495 14
496 12
497 5
498 5
499 10
500 14
501 10
502 5
503 12
504 12
505 14
506 5
507 18
508 18
509 12
510 4
511 5
512 12
513 14
514 4
515 4
516 2
517 12
518 10
519 4
520 5
521 4
522 4
523 10
524 5
525 5
526 18
527 10
528 5
529 14
530 10
531 5
532 14
533 14
534 14
535 5
536 18
537 12
538 14
539 2
540 10
541 12
542 12
543 4
544 2
545 5
546 10
547 5
548 10
549 10
550 12
551 5
552 5
553 5
554 5
555 5
556 4
557 5
558 4
559 18
560 2
561 10
562 2
563 4
564 14
565 4
566 2
567 12
568 14
569 14
570 14
571 18
572 4
573 5
574 2
575 14
576 18
577 18
578 18
579 2
580 18
581 10
582 2
583 10
584 12
585 5
586 14
587 14
588 4
589 5
590 18
591 12
592 4
593 12
594 18
595 4
596 18
597 2
598 14
599 12
600 2
601 4
602 18
603 2
604 4
605 10
606 2
607 14
608 18
609 14
610 18
611 18
612 4
613 10
614 10
615 10
616 10
617 5
618 14
619 4
620 2
621 14
622 2
623 18
624 4
625 14
626 2
627 2
628 2
629 14
630 2
631 5
632 12
633 2
634 14
635 2
636 10
637 10
638 5
639 18
640 12
641 5
642 2
643 4
644 14
645 2
646 18
647 12
648 5
649 2
650 2
651 5
652 12
653 5
654 10
655 10
656 12
657 4
658 10
659 4
660 18
661 12
662 14
663 14
664 2
665 18
666 5
667 10
668 18
669 2
670 18
671 10
672 10
673 10
674 10
675 10
676 10
677 18
678 10
679 10
680 2
681 4
682 4
683 12
684 2
685 18
686 18
687 18
688 5
689 2
690 18
691 4
692 18
693 10
694 12
695 10
696 10
697 14
698 12
699 18
700 10
701 10
702 10
703 10
704 5
705 18
706 18
707 18
708 18
709 18
710 12
711 2
712 10
713 4
714 4
715 2
716 14
717 14
718 5
719 12
720 2
721 2
722 14
723 10
724 12
725 18
726 12
727 18
728 2
729 10
730 18
731 14
732 12
733 14
734 14
735 2
736 2
737 14
738 18
739 4
740 12
741 5
742 18
743 12
744 4
745 5
746 10
747 4
748 12
749 2
750 10
751 14
752 10
753 10
754 5
755 18
756 4
757 14
758 18
759 5
760 5
761 14
762 12
763 18
764 14
765 18
766 2
767 14
768 4
769 10
770 2
771 18
772 2
773 14
774 14
775 2
776 4
777 18
778 4
779 12
780 12
781 10
782 4
783 5
784 14
785 2
786 2
787 18
788 12
789 12
790 4
791 12
792 12
793 4
794 10
795 18
796 2
797 10
798 4
799 12
800 5
801 12
802 14
803 12
804 4
805 14
806 10
807 12
808 14
809 10
810 14
811 5
812 2
813 5
814 14
815 4
816 10
817 12
818 5
819 12
820 5
821 18
822 2
823 5
824 14
825 18
826 10
827 12
828 14
829 5
830 18
831 10
832 12
833 14
834 5
835 18
836 5
837 2
838 2
839 4
840 18
841 14
842 10
843 5
844 4
845 2
846 18
847 14
848 2
849 2
850 5
851 2
852 10
853 12
854 18
855 10
856 10
857 4
858 5
859 12
860 12
861 10
862 10
863 2
864 14
865 10
866 5
867 2
868 18
869 14
870 14
871 18
872 5
873 12
874 2
875 10
876 18
877 14
878 4
879 4
880 18
881 18
882 2
883 10
884 4
885 5
886 10
887 5
888 2
889 2
890 10
891 12
892 2
893 10
894 5
895 14
896 18
897 14
898 4
899 2
900 14
901 4
902 10
903 10
904 5
905 18
906 12
907 2
908 18
909 5
910 5
911 14
912 12
913 5
914 5
915 18
916 18
917 14
918 12
919 2
920 12
921 12
922 2
923 10
924 4
925 2
926 18
927 4
928 12
929 10
930 2
931 14
932 5
933 4
934 12
935 4
936 2
937 10
938 4
939 12
940 18
941 10
942 10
943 2
944 18
945 14
946 10
947 4
948 5
949 14
950 2
951 4
952 12
953 12
954 14
955 5
956 12
957 2
958 5
959 5
960 5
961 18
962 5
963 14
964 2
965 4
966 12
967 18
968 4
969 2
970 14
971 12
972 5
973 12
974 5
975 14
976 5
977 12
978 14
979 12
980 18
981 18
982 12
983 5
984 18
985 14
986 10
987 18
988 2
989 18
990 5
991 10
992 10
993 18
994 10
995 14
996 2
997 5
998 10
999 10
1000 5
1001 4
1002 14
1003 4
1004 5
1005 2
1006 2
1007 4
1008 5
1009 5
1010 18
1011 14
1012 5
1013 2
1014 4
1015 14
1016 4
1017 2
1018 2
1019 10
1020 18
1021 12
1022 12
1023 5
1024 10
1025 2
1026 14
1027 4
1028 14
1029 10
1030 12
1031 4
1032 5
1033 5
1034 18
1035 18
1036 5
1037 14
1038 18
1039 4
1040 4
1041 12
1042 14
1043 14
1044 12
1045 4
1046 4
1047 12
1048 14
1049 5
1050 18
1051 14
1052 14
1053 5
1054 12
1055 10
1056 14
1057 10
1058 5
1059 12
1060 18
1061 4
1062 2
1063 2
1064 2
1065 4
1066 5
1067 2
1068 12
1069 4
1070 14
1071 14
1072 10
1073 5
1074 12
1075 14
1076 5
1077 2
1078 4
1079 5
1080 12
1081 10
1082 2
1083 5
1084 4
1085 10
1086 4
1087 18
1088 5
1089 10
1090 18
1091 14
1092 18
1093 10
1094 4
1095 12
1096 5
1097 18
1098 2
1099 14
1100 5
1101 2
1102 14
1103 18
1104 14
1105 14
1106 5
1107 2
1108 5
1109 10
1110 5
1111 2
1112 4
1113 12
1114 12
1115 18
1116 5
1117 18
1118 4
1119 14
1120 5
1121 10
1122 14
1123 4
1124 12
1125 18
1126 2
1127 18
1128 12
1129 5
1130 12
1131 10
1132 4
1133 10
1134 18
1135 18
1136 4
1137 4
1138 4
1139 14
1140 4
1141 10
1142 14
1143 18
1144 2
1145 4
1146 10
1147 18
1148 4
1149 5
1150 4
1151 12
1152 2
1153 14
1154 10
1155 5
1156 18
1157 2
1158 10
1159 18
1160 18
1161 12
1162 5
1163 5
1164 18
1165 10
1166 14
1167 12
1168 14
1169 2
1170 2
1171 5
1172 4
1173 10
1174 10
1175 4
1176 14
1177 4
1178 12
1179 18
1180 5
1181 18
1182 5
1183 12
1184 18
1185 18
1186 14
1187 14
1188 14
1189 14
1190 10
1191 18
1192 10
1193 14
1194 10
1195 2
1196 14
1197 18
1198 4
1199 18
1200 18
1201 18
1202 2
1203 12
1204 10
1205 12
1206 4
1207 4
1208 14
1209 12
1210 5
1211 14
1212 14
1213 12
1214 12
1215 12
1216 12
1217 5
1218 12
1219 14
1220 10
1221 5
1222 18
1223 10
1224 14
1225 18
1226 14
1227 14
1228 10
1229 2
1230 2
1231 4
1232 18
1233 5
1234 12
1235 10
1236 5
1237 2
1238 2
1239 4
1240 5
1241 10
1242 2
1243 5
1244 2
1245 4
1246 5
1247 2
1248 10
1249 14
1250 5
1251 2
1252 14
1253 18
1254 5
1255 5
1256 5
1257 14
1258 5
1259 18
1260 12
1261 4
1262 5
1263 5
1264 14
1265 4
1266 18
1267 10
1268 4
1269 5
1270 12
1271 10
1272 4
1273 5
1274 12
1275 18
1276 5
1277 4
1278 18
1279 5
1280 4
1281 18
1282 10
1283 18
1284 14
1285 12
1286 5
1287 14
1288 5
1289 2
1290 10
1291 18
1292 10
1293 14
1294 4
1295 10
1296 14
1297 4
1298 10
1299 10
1300 12
1301 18
1302 12
1303 14
1304 18
1305 12
1306 4
1307 14
1308 12
1309 5
1310 4
1311 10
1312 2
1313 12
1314 4
1315 12
1316 2
1317 10
1318 10
1319 2
1320 2
1321 2
1322 4
1323 4
1324 12
1325 12
1326 2
1327 4
1328 4
1329 2
1330 4
1331 10
1332 18
1333 14
1334 5
1335 5
1336 18
1337 4
1338 2
1339 12
1340 14
1341 12
1342 12
1343 10
1344 5
1345 4
1346 5
1347 14
1348 4
1349 10
1350 10
1351 10
1352 18
1353 14
1354 12
1355 2
1356 18
1357 2
1358 4
1359 12
1360 18
1361 2
1362 12
1363 2
1364 14
1365 10
1366 5
1367 14
1368 10
1369 5
1370 18
1371 4
1372 14
1373 2
1374 18
1375 12
1376 14
1377 12
1378 5
1379 18
1380 2
1381 4
1382 10
1383 18
1384 14
1385 10
1386 4
1387 2
1388 4
1389 4
1390 10
1391 5
1392 12
1393 12
1394 12
1395 10
1396 14
1397 12
1398 10
1399 14
1400 4
1401 5
1402 2
1403 2
1404 18
1405 5
1406 14
1407 18
1408 2
1409 4
1410 12
1411 4
1412 10
1413 12
1414 2
1415 5
1416 14
1417 4
1418 2
1419 10
1420 18
1421 12
1422 18
1423 14
1424 4
1425 14
1426 12
1427 4
1428 10
1429 10
1430 14
1431 5
1432 2
1433 5
1434 12
1435 12
1436 18
1437 2
1438 10
1439 2
1440 10
1441 18
1442 12
1443 12
1444 18
1445 12
1446 14
1447 2
1448 12
1449 5
1450 2
1451 18
1452 14
1453 4
1454 12
1455 12
1456 14
1457 14
1458 4
1459 2
1460 10
1461 2
1462 10
1463 14
1464 5
1465 12
1466 5
1467 5
1468 10
1469 14
1470 5
1471 12
1472 4
1473 18
1474 18
1475 18
1476 2
1477 5
1478 10
1479 14
1480 2
1481 2
1482 14
1483 2
1484 4
1485 5
1486 10
1487 2
1488 2
1489 14
1490 18
1491 12
1492 2
1493 18
1494 4
1495 5
1496 14
1497 12
1498 4
1499 14
1500 4
1501 5
1502 5
1503 2
1504 12
1505 18
1506 14
1507 2
1508 10
1509 10
1510 14
1511 2
1512 18
1513 18
1514 18
1515 4
1516 2
1517 2
1518 10
1519 4
1520 18
1521 5
1522 2
1523 10
1524 5
1525 18
1526 2
1527 14
1528 18
1529 2
1530 10
1531 18
1532 12
1533 12
1534 10
1535 10
1536 10
1537 5
1538 2
1539 18
1540 4
1541 2
1542 18
1543 5
1544 10
1545 10
1546 10
1547 18
1548 18
1549 5
1550 18
1551 5
1552 14
1553 12
1554 2
1555 18
1556 14
1557 5
1558 5
1559 5
1560 10
1561 5
1562 10
1563 2
1564 10
1565 4
1566 10
1567 4
1568 2
1569 4
1570 2
1571 10
1572 4
1573 14
1574 12
1575 18
1576 5
1577 14
1578 2
1579 5
1580 12
1581 4
1582 12
1583 12
1584 4
1585 12
1586 2
1587 10
1588 18
1589 12
1590 18
1591 2
1592 10
1593 10
1594 14
1595 2
1596 5
1597 10
1598 12
1599 18
1600 18
1601 2
1602 14
1603 2
1604 14
1605 2
1606 10
1607 5
1608 5
1609 14
1610 12
1611 5
1612 12
1613 18
1614 18
1615 5
1616 10
1617 2
1618 5
1619 5
1620 14
1621 12
1622 10
1623 18
1624 18
1625 10
1626 4
1627 2
1628 18
1629 14
1630 5
1631 12
1632 2
1633 14
1634 2
1635 14
1636 10
1637 18
1638 18
1639 18
1640 18
1641 4
1642 2
1643 12
1644 12
1645 14
1646 18
1647 4
1648 2
1649 4
1650 14
1651 5
1652 14
1653 2
1654 4
1655 18
1656 4
1657 18
1658 2
1659 4
1660 18
1661 12
1662 5
1663 18
1664 2
1665 14
1666 2
1667 4
1668 2
1669 5
1670 2
1671 5
1672 5
1673 18
1674 14
1675 10
1676 12
1677 18
1678 2
1679 14
1680 2
1681 4
1682 2
1683 14
1684 12
1685 14
1686 4
1687 14
1688 4
1689 2
1690 12
1691 10
1692 12
1693 5
1694 14
1695 18
1696 18
1697 12
1698 12
1699 18
1700 2
1701 18
1702 5
1703 12
1704 18
1705 10
1706 10
1707 5
1708 10
1709 18
1710 2
1711 10
1712 10
1713 14
1714 10
1715 12
1716 18
1717 4
1718 5
1719 12
1720 18
1721 18
1722 18
1723 2
1724 5
1725 2
1726 4
1727 5
1728 5
1729 18
1730 14
1731 14
1732 5
1733 18
1734 2
1735 14
1736 14
1737 4
1738 12
1739 14
1740 4
1741 18
1742 5
1743 18
1744 2
1745 2
1746 5
1747 5
1748 18
1749 5
1750 5
1751 4
1752 2
1753 10
1754 14
1755 4
1756 2
1757 5
1758 14
1759 10
1760 18
1761 10
1762 12
1763 2
1764 12
1765 14
1766 4
1767 14
1768 18
1769 2
1770 18
1771 10
1772 18
1773 5
1774 18
1775 10
1776 2
1777 10
1778 4
1779 2
1780 12
1781 18
1782 2
1783 12
1784 2
1785 12
1786 5
1787 4
1788 4
1789 5
1790 4
1791 5
1792 12
1793 18
1794 5
1795 18
1796 14
1797 5
1798 5
1799 12
1800 5
1801 4
1802 12
1803 2
1804 4
1805 18
1806 10
1807 4
1808 5
1809 10
1810 14
1811 4
1812 2
1813 5
1814 10
1815 14
1816 18
1817 14
1818 10
1819 4
1820 5
1821 5
1822 10
1823 10
1824 2
1825 4
1826 12
1827 14
1828 4
1829 4
1830 18
1831 4
1832 18
1833 5
1834 18
1835 12
1836 5
1837 5
1838 4
1839 5
1840 12
1841 12
1842 14
1843 4
1844 5
1845 18
1846 18
1847 2
1848 12
1849 12
1850 12
1851 14
1852 4
1853 14
1854 10
1855 10
1856 18
1857 12
1858 4
1859 5
1860 5
1861 18
1862 12
1863 18
1864 2
1865 4
1866 5
1867 18
1868 12
1869 10
1870 18
1871 10
1872 4
1873 12
1874 2
1875 4
1876 2
1877 5
1878 14
1879 10
1880 4
1881 2
1882 4
1883 18
1884 14
1885 4
1886 2
1887 18
1888 4
1889 10
1890 2
1891 4
1892 5
1893 2
1894 5
1895 4
1896 14
1897 5
1898 10
1899 4
1900 14
1901 10
1902 5
1903 2
1904 12
1905 2
1906 12
1907 4
1908 4
1909 4
1910 12
1911 14
1912 18
1913 10
1914 2
1915 5
1916 5
1917 2
1918 4
1919 2
1920 10
1921 4
1922 5
1923 5
1924 5
1925 2
1926 12
1927 5
1928 4
1929 10
1930 18
1931 10
1932 14
1933 18
1934 5
1935 12
1936 10
1937 14
1938 10
1939 12
1940 18
1941 10
1942 2
1943 5
1944 2
1945 4
1946 18
1947 10
1948 4
1949 18
1950 2
1951 14
1952 18
1953 5
1954 5
1955 2
1956 2
1957 2
1958 2
1959 10
1960 5
1961 10
1962 2
1963 5
1964 12
1965 10
1966 12
1967 4
1968 4
1969 10
1970 2
1971 10
1972 14
1973 14
1974 14
1975 2
1976 5
1977 14
1978 18
1979 14
1980 14
1981 2
1982 4
1983 14
1984 12
1985 10
1986 5
1987 5
1988 5
1989 12
1990 12
1991 4
1992 12
1993 10
1994 2
1995 18
1996 12
1997 14
1998 18
1999 14
2000 12
2001 14
2002 14
2003 2
2004 12
2005 2
2006 2
2007 2
2008 18
2009 4
2010 18
2011 14
2012 4
2013 14
2014 12
2015 10
2016 18
2017 18
2018 5
2019 18
2020 5
2021 5
2022 4
2023 4
2024 2
2025 5
2026 18
2027 5
2028 4
2029 5
2030 4
2031 4
2032 12
2033 10
2034 2
2035 5
2036 18
2037 2
2038 4
2039 5
2040 2
2041 2
2042 5
2043 2
2044 2
2045 12
2046 18
2047 18
2048 5
2049 14
2050 10
2051 2
2052 5
2053 2
2054 4
2055 18
2056 10
2057 4
2058 2
2059 18
2060 4
2061 2
2062 10
2063 12
2064 2
2065 2
2066 12
2067 18
2068 10
2069 4
2070 4
2071 5
2072 4
2073 10
2074 2
2075 5
2076 14
2077 18
2078 5
2079 5
2080 5
2081 10
2082 2
2083 10
2084 14
2085 14
2086 4
2087 14
2088 12
2089 14
2090 18
2091 2
2092 4
2093 10
2094 10
2095 14
2096 5
2097 10
2098 4
2099 18
2100 5
2101 5
2102 2
2103 5
2104 14
2105 18
2106 12
2107 4
2108 12
2109 2
2110 12
2111 10
2112 10
2113 5
2114 12
2115 12
2116 10
2117 10
2118 18
2119 18
2120 12
2121 4
2122 14
2123 2
2124 14
2125 2
2126 12
2127 18
2128 5
2129 10
2130 2
2131 18
2132 5
2133 18
2134 18
2135 18
2136 10
2137 18
2138 10
2139 4
2140 12
2141 18
2142 4
2143 14
2144 10
2145 5
2146 12
2147 14
2148 2
2149 14
2150 18
2151 18
2152 4
2153 14
2154 5
2155 5
2156 12
2157 12
2158 14
2159 2
2160 14
2161 10
2162 5
2163 18
2164 5
2165 5
2166 12
2167 10
2168 14
2169 12
2170 4
2171 12
2172 5
2173 2
2174 2
2175 4
2176 12
2177 14
2178 14
2179 18
2180 10
2181 14
2182 10
2183 18
2184 14
2185 18
2186 12
2187 12
2188 12
2189 2
2190 14
2191 2
2192 12
2193 2
2194 18
2195 18
2196 10
2197 4
2198 18
2199 5
2200 12
2201 18
2202 18
2203 4
2204 14
2205 4
2206 14
2207 10
2208 4
2209 5
2210 5
2211 18
2212 2
2213 12
2214 14
2215 12
2216 2
2217 14
2218 10
2219 14
2220 4
2221 10
2222 2
2223 18
2224 4
2225 2
2226 18
2227 18
2228 12
2229 10
2230 4
2231 2
2232 12
2233 5
2234 14
2235 18
2236 18
2237 10
2238 14
2239 14
2240 14
2241 5
2242 18
2243 18
2244 2
2245 10
2246 4
2247 18
2248 18
2249 5
2250 4
2251 18
2252 4
2253 4
2254 2
2255 12
2256 4
2257 18
2258 18
2259 18
2260 18
2261 5
2262 4
2263 4
2264 14
2265 5
2266 2
2267 18
2268 12
2269 10
2270 5
2271 2
2272 2
2273 10
2274 4
2275 10
2276 14
2277 14
2278 5
2279 18
2280 2
2281 5
2282 12
2283 14
2284 5
2285 14
2286 14
2287 18
2288 10
2289 2
2290 18
2291 10
2292 2
2293 14
2294 5
2295 14
2296 4
2297 5
2298 2
2299 5
2300 10
2301 10
2302 5
2303 12
2304 2
2305 14
2306 10
2307 4
2308 10
2309 2
2310 14
2311 14
2312 12
2313 4
2314 4
2315 14
2316 18
2317 10
2318 4
2319 4
2320 2
2321 10
2322 10
2323 12
2324 12
2325 12
2326 18
2327 2
2328 4
2329 2
2330 12
2331 4
2332 5
2333 12
2334 2
2335 2
2336 4
2337 12
2338 5
2339 5
2340 5
2341 5
2342 14
2343 2
2344 18
2345 10
2346 5
2347 12
2348 14
2349 4
2350 2
2351 5
2352 18
2353 18
2354 4
2355 18
2356 14
2357 18
2358 10
2359 4
2360 4
2361 14
2362 5
2363 18
2364 10
2365 18
2366 10
2367 14
2368 18
2369 5
2370 18
2371 2
2372 10
2373 18
2374 4
2375 4
2376 2
2377 12
2378 10
2379 2
2380 4
2381 2
2382 14
2383 4
2384 5
2385 12
2386 14
2387 5
2388 10
2389 4
2390 10
2391 5
2392 4
2393 18
2394 18
2395 2
2396 18
2397 2
2398 12
2399 12
2400 14
2401 2
2402 4
2403 10
2404 12
2405 10
2406 18
2407 5
2408 14
2409 10
2410 14
2411 10
2412 14
2413 18
2414 2
2415 2
2416 10
2417 14
2418 12
2419 18
2420 5
2421 12
2422 10
2423 5
2424 14
2425 12
2426 2
2427 4
2428 4
2429 2
2430 12
2431 14
2432 10
2433 10
2434 5
2435 2
2436 10
2437 2
2438 18
2439 18
2440 14
2441 5
2442 14
2443 12
2444 14
2445 12
2446 10
2447 18
2448 2
2449 18
2450 5
2451 2
2452 10
2453 10
2454 5
2455 14
2456 10
2457 2
2458 14
2459 5
2460 10
2461 18
2462 5
2463 10
2464 4
2465 12
2466 14
2467 2
2468 2
2469 10
2470 14
2471 14
2472 2
2473 2
2474 5
2475 18
2476 12
2477 10
2478 5
2479 4
2480 5
2481 4
2482 10
2483 4
2484 4
2485 18
2486 5
2487 12
2488 10
2489 5
2490 10
2491 4
2492 18
2493 14
2494 4
2495 10
2496 4
2497 10
2498 4
2499 12
2500 2
2501 14
2502 12
2503 2
2504 4
2505 4
2506 5
2507 4
2508 10
2509 10
2510 10
2511 4
2512 12
2513 18
2514 14
2515 14
2516 5
2517 4
2518 18
2519 18
2520 18
2521 14
2522 12
2523 14
2524 14
2525 10
2526 12
2527 5
2528 2
2529 5
2530 12
2531 5
2532 12
2533 4
2534 2
2535 12
2536 10
2537 2
2538 4
2539 4
2540 10
2541 5
2542 10
2543 12
2544 4
2545 4
2546 18
2547 14
2548 4
2549 14
2550 4
2551 4
2552 5
2553 4
2554 12
2555 10
2556 10
2557 12
2558 12
2559 10
2560 10
2561 14
2562 18
2563 5
2564 4
2565 14
2566 4
2567 18
2568 5
2569 18
2570 4
2571 12
2572 14
2573 5
2574 12
2575 4
2576 18
2577 4
2578 2
2579 2
2580 5
2581 5
2582 2
2583 4
2584 2
2585 14
2586 10
2587 4
2588 12
2589 4
2590 14
2591 12
2592 12
2593 2
2594 5
2595 10
2596 14
2597 10
2598 10
2599 12
2600 18
2601 2
2602 18
2603 14
2604 4
2605 4
2606 10
2607 18
2608 10
2609 10
2610 2
2611 10
2612 12
2613 14
2614 4
2615 2
2616 10
2617 4
2618 18
2619 4
2620 18
2621 10
2622 14
2623 12
2624 10
2625 2
2626 5
2627 18
2628 2
2629 2
2630 14
2631 4
2632 5
2633 10
2634 2
2635 12
2636 18
2637 12
2638 14
2639 2
2640 14
2641 18
2642 12
2643 4
2644 2
2645 12
2646 5
2647 10
2648 10
2649 14
2650 4
2651 4
2652 10
2653 12
2654 14
2655 10
2656 5
2657 14
2658 4
2659 4
2660 5
2661 2
2662 18
2663 14
2664 4
2665 4
2666 2
2667 2
2668 18
2669 12
2670 2
2671 2
2672 2
2673 12
2674 5
2675 14
2676 14
2677 14
2678 18
2679 5
2680 10
2681 4
2682 18
2683 4
2684 2
2685 4
2686 10
2687 14
2688 4
2689 12
2690 2
2691 12
2692 18
2693 12
2694 2
2695 14
2696 10
2697 5
2698 4
2699 18
2700 10
2701 2
2702 4
2703 4
2704 2
2705 5
2706 18
2707 10
2708 10
2709 18
2710 12
2711 2
2712 4
2713 10
2714 4
2715 12
2716 14
2717 4
2718 2
2719 2
2720 2
2721 4
2722 2
2723 10
2724 4
2725 5
2726 14
2727 10
2728 5
2729 4
2730 12
2731 4
2732 18
2733 10
2734 5
2735 5
2736 18
2737 14
2738 10
2739 12
2740 5
2741 12
2742 10
2743 12
2744 5
2745 10
2746 12
2747 14
2748 4
2749 2
2750 14
2751 12
2752 18
2753 10
2754 12
2755 2
2756 18
2757 14
2758 2
2759 18
2760 14
2761 12
2762 10
2763 14
2764 5
2765 14
2766 10
2767 10
2768 5
2769 10
2770 18
2771 4
2772 4
2773 4
2774 14
2775 2
2776 12
2777 10
2778 4
2779 4
2780 12
2781 2
2782 2
2783 2
2784 2
2785 10
2786 10
2787 2
2788 10
2789 5
2790 5
2791 12
2792 2
2793 4
2794 10
2795 18
2796 10
2797 12
2798 18
2799 18
2800 5
2801 18
2802 10
2803 18
2804 4
2805 2
2806 14
2807 12
2808 10
2809 18
2810 4
2811 12
2812 2
2813 4
2814 5
2815 5
2816 14
2817 5
2818 18
2819 10
2820 4
2821 18
2822 14
2823 2
2824 12
2825 12
2826 10
2827 2
2828 4
2829 5
2830 14
2831 14
2832 4
2833 4
2834 2
2835 14
2836 12
2837 4
2838 12
2839 12
2840 14
2841 5
2842 10
2843 10
2844 12
2845 12
2846 10
2847 10
2848 14
2849 12
2850 4
2851 2
2852 5
2853 14
2854 12
2855 10
2856 18
2857 18
2858 5
2859 10
2860 10
2861 2
2862 18
2863 2
2864 2
2865 2
2866 10
2867 10
2868 4
2869 18
2870 18
2871 12
2872 14
2873 5
2874 2
2875 18
2876 14
2877 2
2878 4
2879 4
2880 2
2881 2
2882 4
2883 10
2884 18
2885 5
2886 12
2887 5
2888 4
2889 4
2890 18
2891 5
2892 10
2893 4
2894 12
2895 5
2896 4
2897 10
2898 14
2899 14
2900 2
2901 5
2902 14
2903 10
2904 14
2905 4
2906 2
2907 12
2908 12
2909 5
2910 12
2911 18
2912 18
2913 5
2914 4
2915 10
2916 14
2917 5
2918 4
2919 12
2920 18
2921 10
2922 2
2923 10
2924 14
2925 4
2926 14
2927 2
2928 18
2929 5
2930 14
2931 2
2932 4
2933 5
2934 4
2935 14
2936 10
2937 18
2938 2
2939 10
2940 5
2941 14
2942 14
2943 10
2944 2
2945 5
2946 5
2947 10
2948 14
2949 12
2950 18
2951 4
2952 2
2953 5
2954 12
2955 4
2956 18
2957 14
2958 5
2959 5
2960 18
2961 14
2962 12
2963 18
2964 18
2965 14
2966 2
2967 18
2968 18
2969 12
2970 12
2971 10
2972 4
2973 14
2974 14
2975 5
2976 4
2977 12
2978 4
2979 18
2980 18
2981 4
2982 5
2983 2
2984 14
2985 5
2986 14
2987 12
2988 12
2989 14
2990 5
2991 18
2992 12
2993 12
2994 5
2995 12
2996 5
2997 10
2998 18
2999 2
3000 5
3001 2
3002 10
3003 14
3004 2
3005 4
3006 12
3007 14
3008 2
3009 10
3010 14
3011 18
3012 4
3013 2
3014 12
3015 10
3016 18
3017 10
3018 5
3019 14
3020 12
3021 4
3022 2
3023 2
3024 2
3025 14
3026 2
3027 5
3028 4
3029 5
3030 4
3031 2
3032 10
3033 4
3034 2
3035 10
3036 14
3037 14
3038 18
3039 10
3040 10
3041 2
3042 14
3043 18
3044 10
3045 5
3046 12
3047 12
3048 2
3049 5
3050 2
3051 4
3052 2
3053 2
3054 5
3055 12
3056 4
3057 5
3058 18
3059 4
3060 10
3061 5
3062 10
3063 12
3064 14
3065 18
3066 10
3067 5
3068 10
3069 14
3070 12
3071 2
3072 10
3073 2
3074 10
3075 12
3076 18
3077 18
3078 2
3079 12
3080 14
3081 5
3082 4
3083 4
3084 2
3085 4
3086 10
3087 14
3088 12
3089 14
3090 2
3091 5
3092 14
3093 2
3094 14
3095 5
3096 10
3097 2
3098 2
3099 14
3100 5
3101 10
3102 2
3103 12
3104 2
3105 5
3106 5
3107 5
3108 4
3109 18
3110 10
3111 18
3112 5
3113 10
3114 4
3115 10
3116 12
3117 12
3118 10
3119 12
3120 2
3121 18
3122 18
3123 5
3124 4
3125 18
3126 12
3127 12
3128 18
3129 14
3130 2
3131 12
3132 18
3133 5
3134 10
3135 4
3136 10
3137 2
3138 10
3139 14
3140 4
3141 18
3142 12
3143 10
3144 5
3145 18
3146 5
3147 18
3148 12
3149 5
3150 12
3151 2
3152 18
3153 2
3154 4
3155 10
3156 10
3157 5
3158 14
3159 4
3160 2
3161 18
3162 2
3163 4
3164 12
3165 2
3166 4
3167 18
3168 14
3169 5
3170 12
3171 18
3172 14
3173 18
3174 14
3175 10
3176 2
3177 18
3178 12
3179 14
3180 14
3181 18
3182 12
3183 12
3184 10
3185 5
3186 12
3187 4
3188 2
3189 18
3190 4
3191 14
3192 10
3193 10
3194 14
3195 2
3196 18
3197 14
3198 10
3199 10
3200 12
3201 14
3202 12
3203 4
3204 5
3205 4
3206 5
3207 5
3208 12
3209 5
3210 18
3211 2
3212 12
3213 14
3214 5
3215 4
3216 10
3217 14
3218 10
3219 4
3220 18
3221 4
3222 12
3223 5
3224 5
3225 18
3226 12
3227 2
3228 5
3229 5
3230 14
3231 18
3232 18
3233 12
3234 4
3235 10
3236 12
3237 2
3238 18
3239 10
3240 4
3241 2
3242 18
3243 14
3244 14
3245 4
3246 18
3247 2
3248 18
3249 2
3250 5
3251 2
3252 12
3253 4
3254 4
3255 2
3256 2
3257 4
3258 10
3259 10
3260 18
3261 2
3262 14
3263 12
3264 14
3265 18
3266 2
3267 2
3268 12
3269 18
3270 10
3271 5
3272 5
3273 14
3274 2
3275 5
3276 10
3277 2
3278 18
3279 4
3280 5
3281 14
3282 2
3283 18
3284 12
3285 2
3286 5
3287 2
3288 2
3289 10
3290 12
3291 4
3292 18
3293 18
3294 5
3295 14
3296 14
3297 14
3298 10
3299 14
3300 10
3301 12
3302 14
3303 4
3304 5
3305 18
3306 4
3307 18
3308 2
3309 4
3310 4
3311 4
3312 12
3313 10
3314 2
3315 14
3316 18
3317 12
3318 2
3319 14
3320 18
3321 4
3322 5
3323 2
3324 5
3325 2
3326 5
3327 2
3328 5
3329 2
3330 10
3331 4
3332 12
3333 2
3334 5
3335 12
3336 5
3337 14
3338 4
3339 12
3340 2
3341 2
3342 18
3343 12
3344 2
3345 5
3346 10
3347 4
3348 10
3349 12
3350 18
3351 14
3352 14
3353 5
3354 18
3355 18
3356 2
3357 14
3358 18
3359 5
3360 5
3361 4
3362 4
3363 14
3364 5
3365 10
3366 14
3367 4
3368 2
3369 14
3370 18
3371 5
3372 12
3373 2
3374 14
3375 4
3376 10
3377 10
3378 5
3379 14
3380 4
3381 10
3382 10
3383 18
3384 2
3385 10
3386 4
3387 14
3388 10
3389 10
3390 2
3391 10
3392 10
3393 5
3394 10
3395 12
3396 2
3397 2
3398 14
3399 10
3400 5
3401 18
3402 5
3403 5
3404 10
3405 2
3406 4
3407 10
3408 2
3409 14
3410 2
3411 5
3412 2
3413 4
3414 12
3415 5
3416 2
3417 10
3418 5
3419 10
3420 18
3421 5
3422 5
3423 5
3424 10
3425 5
3426 5
3427 12
3428 12
3429 4
3430 4
3431 2
3432 12
3433 5
3434 4
3435 5
3436 18
3437 4
3438 4
3439 4
3440 2
3441 5
3442 18
3443 12
3444 14
3445 12
3446 18
3447 2
3448 2
3449 18
3450 12
3451 5
3452 2
3453 12
3454 12
3455 18
3456 18
3457 2
3458 12
3459 14
3460 14
3461 12
3462 2
3463 10
3464 2
3465 2
3466 2
3467 4
3468 2
3469 5
3470 2
3471 2
3472 5
3473 18
3474 2
3475 2
3476 5
3477 4
3478 12
3479 14
3480 14
3481 4
3482 10
3483 2
3484 10
3485 14
3486 4
3487 2
3488 14
3489 4
3490 2
3491 12
3492 4
3493 4
3494 12
3495 5
3496 18
3497 18
3498 14
3499 2
3500 12
3501 12
3502 12
3503 14
3504 2
3505 12
3506 10
3507 10
3508 10
3509 5
3510 14
3511 12
3512 18
3513 2
3514 14
3515 10
3516 5
3517 12
3518 14
3519 12
3520 12
3521 2
3522 4
3523 5
3524 18
3525 18
3526 5
3527 5
3528 18
3529 4
3530 5
3531 4
3532 10
3533 10
3534 18
3535 2
3536 4
3537 2
3538 12
3539 14
3540 18
3541 12
3542 4
3543 10
3544 4
3545 4
3546 18
3547 2
3548 2
3549 4
3550 14
3551 14
3552 12
3553 2
3554 10
3555 14
3556 14
3557 4
3558 4
3559 4
3560 10
3561 18
3562 2
3563 4
3564 10
3565 18
3566 14
3567 14
3568 14
3569 2
3570 10
3571 12
3572 10
3573 10
3574 14
3575 12
3576 12
3577 2
3578 14
3579 14
3580 10
3581 5
3582 4
3583 14
3584 4
3585 14
3586 12
3587 2
3588 2
3589 18
3590 10
3591 4
3592 14
3593 12
3594 12
3595 5
3596 12
3597 4
3598 10
3599 18
3600 10
3601 4
3602 14
3603 4
3604 14
3605 18
3606 12
3607 10
3608 10
3609 5
3610 12
3611 10
3612 2
3613 12
3614 18
3615 5
3616 4
3617 2
3618 12
3619 5
3620 2
3621 12
3622 4
3623 10
3624 5
3625 10
3626 18
3627 5
3628 2
3629 4
3630 4
3631 12
3632 4
3633 10
3634 2
3635 4
3636 2
3637 5
3638 18
3639 5
3640 18
3641 12
3642 4
3643 14
3644 12
3645 2
3646 4
3647 18
3648 2
3649 5
3650 5
3651 14
3652 14
3653 14
3654 5
3655 10
3656 10
3657 4
3658 5
3659 2
3660 10
3661 14
3662 4
3663 18
3664 14
3665 4
3666 5
3667 5
3668 2
3669 5
3670 4
3671 5
3672 12
3673 12
3674 5
3675 10
3676 14
3677 4
3678 18
3679 14
3680 2
3681 5
3682 10
3683 5
3684 14
3685 14
3686 12
3687 5
3688 12
3689 10
3690 4
3691 18
3692 18
3693 18
3694 10
3695 18
3696 14
3697 14
3698 14
3699 10
3700 4
3701 2
3702 2
3703 10
3704 12
3705 18
3706 10
3707 18
3708 5
3709 2
3710 5
3711 4
3712 10
3713 5
3714 10
3715 10
3716 14
3717 4
3718 4
3719 18
3720 14
3721 18
3722 2
3723 4
3724 12
3725 12
3726 2
3727 4
3728 4
3729 12
3730 10
3731 5
3732 10
3733 5
3734 18
3735 2
3736 14
3737 2
3738 18
3739 5
3740 12
3741 5
3742 18
3743 4
3744 10
3745 10
3746 12
3747 5
3748 14
3749 14
3750 14
3751 10
3752 4
3753 12
3754 4
3755 10
3756 4
3757 10
3758 18
3759 10
3760 14
3761 14
3762 10
3763 14
3764 4
3765 18
3766 4
3767 2
3768 2
3769 4
3770 2
3771 5
3772 18
3773 4
3774 18
3775 14
3776 12
3777 14
3778 10
3779 12
3780 10
3781 5
3782 12
3783 2
3784 18
3785 2
3786 10
3787 12
3788 18
3789 2
3790 10
3791 14
3792 12
3793 5
3794 10
3795 2
3796 14
3797 2
3798 4
3799 12
3800 12
3801 14
3802 14
3803 18
3804 12
3805 2
3806 18
3807 18
3808 14
3809 12
3810 10
3811 5
3812 5
3813 4
3814 14
3815 5
3816 2
3817 10
3818 5
3819 12
3820 4
3821 5
3822 12
3823 4
3824 14
3825 14
3826 18
3827 2
3828 2
3829 14
3830 12
3831 4
3832 10
3833 12
3834 4
3835 12
3836 2
3837 14
3838 18
3839 4
3840 10
3841 18
3842 2
3843 2
3844 10
3845 10
3846 14
3847 5
3848 18
3849 18
3850 12
3851 10
3852 10
3853 18
3854 18
3855 18
3856 5
3857 12
3858 12
3859 18
3860 4
3861 4
3862 10
3863 2
3864 5
3865 2
3866 18
3867 5
3868 10
3869 2
3870 12
3871 2
3872 18
3873 18
3874 12
3875 10
3876 18
3877 18
3878 4
3879 12
3880 4
3881 2
3882 2
3883 12
3884 18
3885 12
3886 2
3887 18
3888 5
3889 5
3890 18
3891 18
3892 5
3893 10
3894 10
3895 14
3896 2
3897 12
3898 18
3899 18
3900 10
3901 5
3902 4
3903 18
3904 5
3905 2
3906 5
3907 4
3908 18
3909 2
3910 10
3911 5
3912 2
3913 5
3914 10
3915 14
3916 12
3917 10
3918 12
3919 12
3920 5
3921 18
3922 14
3923 4
3924 2
3925 12
3926 14
3927 18
3928 2
3929 2
3930 18
3931 12
3932 4
3933 5
3934 4
3935 2
3936 4
3937 2
3938 12
3939 2
3940 10
3941 4
3942 14
3943 18
3944 4
3945 12
3946 5
3947 4
3948 12
3949 12
3950 14
3951 2
3952 5
3953 4
3954 2
3955 10
3956 18
3957 2
3958 10
3959 12
3960 4
3961 4
3962 2
3963 5
3964 4
3965 10
3966 14
3967 2
3968 10
3969 12
3970 18
3971 12
3972 12
3973 14
3974 5
3975 4
3976 2
3977 14
3978 10
3979 5
3980 18
3981 18
3982 18
3983 18
3984 18
3985 12
3986 18
3987 18
3988 14
3989 2
3990 10
3991 4
3992 18
3993 14
3994 5
3995 10
3996 12
3997 18
3998 14
3999 18
4000 4
4001 5
4002 18
4003 4
4004 14
4005 12
4006 18
4007 2
4008 10
4009 2
4010 10
4011 18
4012 10
4013 2
4014 5
4015 14
4016 12
4017 14
4018 18
4019 12
4020 12
4021 2
4022 14
4023 12
4024 4
4025 14
4026 4
4027 5
4028 2
4029 14
4030 12
4031 4
4032 2
4033 18
4034 10
4035 2
4036 12
4037 12
4038 10
4039 4
4040 2
4041 4
4042 2
4043 18
4044 14
4045 18
4046 5
4047 4
4048 5
4049 5
4050 4
4051 2
4052 18
4053 5
4054 14
4055 14
4056 10
4057 18
4058 12
4059 5
4060 4
4061 12
4062 5
4063 5
4064 18
4065 18
4066 12
4067 12
4068 5
4069 12
4070 14
4071 10
4072 18
4073 5
4074 5
4075 18
4076 14
4077 10
4078 2
4079 12
4080 5
4081 2
4082 5
4083 5
4084 2
4085 18
4086 10
4087 5
4088 5
4089 2
4090 4
4091 14
4092 2
4093 12
4094 10
4095 18
4096 18
4097 12
4098 4
4099 10
4100 18
4101 12
4102 10
4103 12
4104 10
4105 5
4106 4
4107 2
4108 2
4109 2
4110 4
4111 4
4112 14
4113 14
4114 12
4115 5
4116 14
4117 2
4118 4
4119 4
4120 4
4121 10
4122 12
4123 2
4124 10
4125 5
4126 5
4127 5
4128 4
4129 10
4130 4
4131 14
4132 12
4133 18
4134 12
4135 5
4136 10
4137 2
4138 12
4139 5
4140 4
4141 10
4142 14
4143 14
4144 10
4145 4
4146 5
4147 5
4148 14
4149 10
4150 2
4151 12
4152 2
4153 5
4154 4
4155 2
4156 4
4157 2
4158 14
4159 2
4160 18
4161 18
4162 5
4163 5
4164 10
4165 12
4166 12
4167 12
4168 2
4169 5
4170 2
4171 14
4172 4
4173 18
4174 10
4175 4
4176 2
4177 10
4178 4
4179 18
4180 14
4181 5
4182 18
4183 10
4184 10
4185 14
4186 14
4187 12
4188 12
4189 5
4190 2
4191 5
4192 14
4193 2
4194 10
4195 5
4196 2
4197 2
4198 2
4199 14
4200 14
4201 10
4202 18
4203 10
4204 2
4205 10
4206 5
4207 4
4208 2
4209 10
4210 12
4211 2
4212 2
4213 12
4214 14
4215 14
4216 5
4217 10
4218 2
4219 10
4220 18
4221 5
4222 2
4223 10
4224 4
4225 18
4226 5
4227 5
4228 4
4229 12
4230 4
4231 4
4232 2
4233 14
4234 5
4235 5
4236 12
4237 18
4238 5
4239 14
4240 12
4241 4
4242 10
4243 5
4244 4
4245 12
4246 2
4247 10
4248 4
4249 4
4250 5
4251 4
4252 4
4253 14
4254 18
4255 2
4256 18
4257 18
4258 5
4259 5
4260 18
4261 12
4262 10
4263 4
4264 14
4265 10
4266 18
4267 12
4268 4
4269 18
4270 18
4271 14
4272 2
4273 14
4274 14
4275 4
4276 12
4277 2
4278 10
4279 10
4280 18
4281 18
4282 14
4283 5
4284 14
4285 4
4286 10
4287 5
4288 10
4289 14
4290 10
4291 4
4292 12
4293 12
4294 5
4295 5
4296 10
4297 12
4298 18
4299 4
4300 12
4301 10
4302 12
4303 10
4304 12
4305 18
4306 14
4307 2
4308 14
4309 5
4310 10
4311 2
4312 2
4313 18
4314 5
4315 18
4316 18
4317 2
4318 4
4319 4
4320 5
4321 12
4322 4
4323 2
4324 14
4325 5
4326 5
4327 10
4328 10
4329 5
4330 4
4331 12
4332 5
4333 2
4334 5
4335 5
4336 2
4337 2
4338 5
4339 5
4340 12
4341 2
4342 10
4343 12
4344 18
4345 18
4346 5
4347 12
4348 2
4349 10
4350 4
4351 2
4352 5
4353 12
4354 18
4355 2
4356 12
4357 5
4358 12
4359 5
4360 4
4361 14
4362 4
4363 4
4364 18
4365 10
4366 4
4367 18
4368 5
4369 14
4370 14
4371 5
4372 18
4373 4
4374 10
4375 2
4376 2
4377 5
4378 5
4379 10
4380 12
4381 18
4382 14
4383 18
4384 12
4385 14
4386 14
4387 10
4388 14
4389 18
4390 4
4391 18
4392 4
4393 5
4394 4
4395 14
4396 5
4397 18
4398 2
4399 14
4400 18
4401 5
4402 4
4403 5
4404 14
4405 10
4406 14
4407 18
4408 5
4409 4
4410 5
4411 4
4412 18
4413 2
4414 18
4415 18
4416 12
4417 2
4418 10
4419 5
4420 18
4421 12
4422 4
4423 14
4424 5
4425 12
4426 2
4427 2
4428 12
4429 14
4430 12
4431 12
4432 5
4433 14
4434 2
4435 14
4436 5
4437 14
4438 4
4439 18
4440 18
4441 10
4442 10
4443 4
4444 5
4445 18
4446 18
4447 4
4448 5
4449 4
4450 4
4451 12
4452 18
4453 12
4454 10
4455 2
4456 14
4457 4
4458 14
4459 14
4460 12
4461 4
4462 4
4463 4
4464 2
4465 5
4466 5
4467 18
4468 10
4469 10
4470 14
4471 12
4472 5
4473 18
4474 10
4475 4
4476 12
4477 18
4478 10
4479 4
4480 4
4481 12
4482 12
4483 12
4484 2
4485 5
4486 14
4487 5
4488 4
4489 18
4490 5
4491 14
4492 14
4493 2
4494 5
4495 12
4496 10
4497 5
4498 18
4499 14
4500 5
4501 5
4502 10
4503 14
4504 4
4505 10
4506 10
4507 4
4508 12
4509 12
4510 4
4511 14
4512 10
4513 12
4514 10
4515 5
4516 5
4517 5
4518 12
4519 4
4520 14
4521 18
4522 4
4523 2
4524 5
4525 14
4526 18
4527 4
4528 10
4529 5
4530 5
4531 12
4532 18
4533 12
4534 4
4535 12
4536 2
4537 5
4538 5
4539 2
4540 2
4541 14
4542 12
4543 18
4544 4
4545 12
4546 18
4547 4
4548 10
4549 10
4550 5
4551 2
4552 10
4553 4
4554 4
4555 12
4556 12
4557 4
4558 2
4559 10
4560 4
4561 12
4562 14
4563 4
4564 10
4565 5
4566 10
4567 10
4568 4
4569 18
4570 5
4571 12
4572 5
4573 10
4574 4
4575 12
4576 14
4577 14
4578 18
4579 2
4580 4
4581 10
4582 14
4583 5
4584 5
4585 10
4586 5
4587 14
4588 14
4589 18
4590 12
4591 2
4592 14
4593 5
4594 10
4595 14
4596 5
4597 2
4598 18
4599 2
4600 18
4601 10
4602 5
4603 4
4604 14
4605 2
4606 18
4607 2
4608 12
4609 14
4610 5
4611 14
4612 4
4613 5
4614 18
4615 14
4616 12
4617 4
4618 14
4619 10
4620 2
4621 5
4622 4
4623 14
4624 18
4625 18
4626 10
4627 18
4628 18
4629 18
4630 2
4631 18
4632 5
4633 5
4634 18
4635 2
4636 5
4637 12
4638 5
4639 4
4640 18
4641 18
4642 18
4643 18
4644 2
4645 10
4646 2
4647 5
4648 10
4649 12
4650 4
4651 10
4652 18
4653 14
4654 4
4655 12
4656 5
4657 10
4658 18
4659 14
4660 12
4661 4
4662 14
4663 14
4664 5
4665 5
4666 12
4667 5
4668 4
4669 2
4670 10
4671 5
4672 5
4673 10
4674 10
4675 18
4676 12
4677 12
4678 14
4679 5
4680 18
4681 2
4682 2
4683 14
4684 2
4685 14
4686 2
4687 18
4688 2
4689 18
4690 2
4691 18
4692 4
4693 2
4694 2
4695 12
4696 14
4697 10
4698 2
4699 18
4700 14
4701 5
4702 12
4703 4
4704 2
4705 10
4706 2
4707 2
4708 12
4709 2
4710 10
4711 4
4712 12
4713 12
4714 4
4715 10
4716 2
4717 4
4718 4
4719 14
4720 18
4721 12
4722 5
4723 5
4724 14
4725 14
4726 18
4727 10
4728 12
4729 14
4730 10
4731 2
4732 4
4733 12
4734 10
4735 4
4736 5
4737 5
4738 2
4739 18
4740 2
4741 12
4742 10
4743 12
4744 5
4745 10
4746 14
4747 18
4748 14
4749 5
4750 2
4751 10
4752 10
4753 5
4754 14
4755 14
4756 10
4757 5
4758 2
4759 18
4760 14
4761 10
4762 5
4763 5
4764 18
4765 10
4766 10
4767 14
4768 5
4769 4
4770 18
4771 12
4772 5
4773 18
4774 5
4775 2
4776 18
4777 14
4778 2
4779 4
4780 18
4781 18
4782 10
4783 12
4784 12
4785 18
4786 10
4787 10
4788 18
4789 5
4790 18
4791 2
4792 4
4793 14
4794 5
4795 14
4796 18
4797 14
4798 12
4799 4
4800 18
4801 14
4802 10
4803 18
4804 18
4805 10
4806 14
4807 5
4808 4
4809 4
4810 10
4811 12
4812 14
4813 2
4814 4
4815 10
4816 12
4817 2
4818 4
4819 2
4820 5
4821 12
4822 5
4823 10
4824 5
4825 12
4826 10
4827 10
4828 10
4829 10
4830 4
4831 18
4832 12
4833 5
4834 12
4835 5
4836 5
4837 5
4838 10
4839 2
4840 2
4841 4
4842 5
4843 10
4844 14
4845 2
4846 4
4847 5
4848 18
4849 2
4850 14
4851 10
4852 2
4853 18
4854 10
4855 4
4856 5
4857 18
4858 10
4859 10
4860 12
4861 18
4862 14
4863 5
4864 4
4865 18
4866 12
4867 2
4868 4
4869 14
4870 14
4871 14
4872 4
4873 12
4874 4
4875 12
4876 2
4877 5
4878 12
4879 18
4880 18
4881 12
4882 2
4883 12
4884 12
4885 4
4886 18
4887 2
4888 4
4889 2
4890 2
4891 10
4892 2
4893 2
4894 18
4895 14
4896 4
4897 10
4898 12
4899 2
4900 4
4901 5
4902 5
4903 5
4904 10
4905 2
4906 18
4907 10
4908 12
4909 10
4910 4
4911 18
4912 10
4913 5
4914 5
4915 4
4916 18
4917 10
4918 2
4919 12
4920 4
4921 2
4922 14
4923 14
4924 10
4925 18
4926 5
4927 2
4928 2
4929 2
4930 12
4931 10
4932 2
4933 4
4934 12
4935 18
4936 12
4937 18
4938 10
4939 4
4940 4
4941 12
4942 18
4943 12
4944 4
4945 18
4946 4
4947 2
4948 12
4949 2
4950 2
4951 12
4952 2
4953 14
4954 10
4955 4
4956 18
4957 4
4958 10
4959 10
4960 14
4961 2
4962 18
4963 2
4964 10
4965 14
4966 5
4967 10
4968 10
4969 10
4970 18
4971 5
4972 14
4973 18
4974 4
4975 10
4976 2
4977 10
4978 5
4979 10
4980 10
4981 4
4982 12
4983 4
4984 12
4985 4
4986 10
4987 12
4988 14
4989 2
4990 12
4991 5
4992 14
4993 2
4994 2
4995 18
4996 4
4997 18
4998 18
4999 12
5000 2
5001 18
5002 2
5003 4
5004 14
5005 4
5006 2
5007 2
5008 5
5009 12
5010 2
5011 12
5012 18
5013 4
5014 2
5015 2
5016 12
5017 2
5018 12
5019 5
5020 14
5021 18
5022 14
5023 18
5024 12
5025 5
5026 2
5027 10
5028 12
5029 10
5030 5
5031 12
5032 12
5033 2
5034 12
5035 18
5036 2
5037 12
5038 12
5039 4
5040 4
5041 12
5042 10
5043 2
5044 5
5045 10
5046 10
5047 14
5048 10
5049 12
5050 14
5051 12
5052 4
5053 14
5054 14
5055 18
5056 12
5057 12
5058 4
5059 14
5060 2
5061 18
5062 4
5063 2
5064 10
5065 5
5066 5
5067 5
5068 10
5069 12
5070 4
5071 12
5072 2
5073 12
5074 2
5075 4
5076 12
5077 12
5078 12
5079 5
5080 10
5081 18
5082 4
5083 4
5084 4
5085 10
5086 2
5087 4
5088 12
5089 5
5090 5
5091 18
5092 12
5093 2
5094 18
5095 12
5096 4
5097 12
5098 14
5099 10
5100 14
5101 2
5102 10
5103 2
5104 12
5105 14
5106 14
5107 4
5108 4
5109 12
5110 5
5111 10
5112 10
5113 14
5114 12
5115 5
5116 5
5117 4
5118 5
5119 2
5120 2
5121 10
5122 10
5123 12
5124 14
5125 2
5126 10
5127 5
5128 4
5129 2
5130 5
5131 12
5132 4
5133 5
5134 10
5135 12
5136 5
5137 4
5138 14
5139 5
5140 18
5141 12
5142 10
5143 5
5144 12
5145 12
5146 2
5147 10
5148 12
5149 4
5150 12
5151 14
5152 18
5153 2
5154 4
5155 5
5156 2
5157 5
5158 4
5159 5
5160 18
5161 10
5162 14
5163 2
5164 12
5165 18
5166 2
5167 4
5168 2
5169 2
5170 12
5171 12
5172 5
5173 12
5174 18
5175 10
5176 18
5177 5
5178 12
5179 12
5180 12
5181 2
5182 12
5183 14
5184 4
5185 4
5186 4
5187 10
5188 4
5189 4
5190 12
5191 2
5192 10
5193 10
5194 4
5195 14
5196 2
5197 5
5198 18
5199 10
5200 18
5201 12
5202 18
5203 10
5204 2
5205 12
5206 14
5207 14
5208 4
5209 12
5210 5
5211 5
5212 10
5213 2
5214 18
5215 14
5216 10
5217 5
5218 5
5219 10
5220 2
5221 14
5222 4
5223 5
5224 12
5225 12
5226 2
5227 12
5228 4
5229 12
5230 14
5231 14
5232 14
5233 10
5234 18
5235 14
5236 5
5237 10
5238 4
5239 12
5240 4
5241 18
5242 2
5243 14
5244 12
5245 2
5246 2
5247 12
5248 12
5249 14
5250 4
5251 18
5252 18
5253 2
5254 12
5255 5
5256 10
5257 10
5258 2
5259 10
5260 18
5261 14
5262 2
5263 18
5264 14
5265 5
5266 4
5267 5
5268 14
5269 4
5270 10
5271 10
5272 4
5273 14
5274 5
5275 12
5276 4
5277 4
5278 12
5279 10
5280 14
5281 12
5282 18
5283 5
5284 4
5285 18
5286 2
5287 2
5288 2
5289 2
5290 14
5291 4
5292 2
5293 4
5294 4
5295 14
5296 10
5297 5
5298 12
5299 18
5300 2
5301 5
5302 18
5303 12
5304 18
5305 5
5306 14
5307 2
5308 5
5309 10
5310 5
5311 4
5312 2
5313 18
5314 5
5315 5
5316 5
5317 14
5318 10
5319 2
5320 14
5321 18
5322 18
5323 2
5324 4
5325 10
5326 14
5327 4
5328 2
5329 18
5330 5
5331 12
5332 14
5333 12
5334 18
5335 12
5336 12
5337 4
5338 18
5339 12
5340 12
5341 18
5342 4
5343 2
5344 5
5345 18
5346 10
5347 2
5348 12
5349 5
5350 5
5351 14
5352 18
5353 2
5354 5
5355 2
5356 2
5357 2
5358 12
5359 5
5360 12
5361 14
5362 5
5363 10
5364 5
5365 5
5366 18
5367 10
5368 10
5369 18
5370 12
5371 2
5372 12
5373 4
5374 12
5375 18
5376 14
5377 4
5378 10
5379 14
5380 18
5381 5
5382 14
5383 4
5384 5
5385 14
5386 4
5387 14
5388 18
5389 12
5390 12
5391 18
5392 14
5393 2
5394 4
5395 10
5396 4
5397 14
5398 5
5399 14
5400 5
5401 10
5402 2
5403 12
5404 4
5405 5
5406 10
5407 4
5408 12
5409 5
5410 18
5411 10
5412 14
5413 2
5414 4
5415 12
5416 4
5417 14
5418 2
5419 4
5420 5
5421 18
5422 18
5423 18
5424 12
5425 12
5426 14
5427 4
5428 18
5429 12
5430 10
5431 12
5432 12
5433 5
5434 10
5435 5
5436 10
5437 5
5438 12
5439 18
5440 4
5441 2
5442 14
5443 12
5444 10
5445 18
5446 18
5447 5
5448 4
5449 12
5450 12
5451 10
5452 12
5453 4
5454 12
5455 12
5456 12
5457 4
5458 12
5459 14
5460 5
5461 10
5462 10
5463 4
5464 4
5465 14
5466 4
5467 12
5468 12
5469 18
5470 4
5471 10
5472 10
5473 18
5474 2
5475 14
5476 10
5477 5
5478 12
5479 10
5480 14
5481 2
5482 10
5483 5
5484 12
5485 10
5486 14
5487 10
5488 12
5489 18
5490 2
5491 4
5492 12
5493 18
5494 14
5495 5
5496 10
5497 2
5498 12
5499 5
5500 10
5501 5
5502 18
5503 5
5504 4
5505 18
5506 5
5507 4
5508 2
5509 2
5510 4
5511 2
5512 4
5513 10
5514 2
5515 5
5516 5
5517 12
5518 10
5519 14
5520 18
5521 5
5522 5
5523 4
5524 4
5525 2
5526 12
5527 4
5528 4
5529 4
5530 14
5531 5
5532 12
5533 10
5534 12
5535 12
5536 5
5537 4
5538 18
5539 14
5540 2
5541 14
5542 4
5543 2
5544 10
5545 5
5546 12
5547 2
5548 4
5549 2
5550 2
5551 4
5552 12
5553 2
5554 18
5555 10
5556 2
5557 12
5558 12
5559 4
5560 5
5561 2
5562 4
5563 14
5564 10
5565 18
5566 5
5567 18
5568 14
5569 10
5570 4
5571 5
5572 2
5573 10
5574 18
5575 10
5576 14
5577 4
5578 5
5579 4
5580 18
5581 2
5582 12
5583 12
5584 4
5585 10
5586 18
5587 14
5588 10
5589 18
5590 12
5591 2
5592 4
5593 12
5594 14
5595 12
5596 12
5597 10
5598 5
5599 5
5600 12
5601 18
5602 5
5603 4
5604 12
5605 4
5606 18
5607 10
5608 12
5609 10
5610 4
5611 12
5612 12
5613 10
5614 2
5615 12
5616 4
5617 12
5618 5
5619 2
5620 18
5621 10
5622 5
5623 5
5624 14
5625 14
5626 2
5627 10
5628 10
5629 2
5630 4
5631 2
5632 4
5633 5
5634 2
5635 5
5636 4
5637 2
5638 18
5639 4
5640 10
5641 4
5642 12
5643 2
5644 12
5645 10
5646 14
5647 2
5648 14
5649 10
5650 5
5651 4
5652 2
5653 12
5654 14
5655 10
5656 10
5657 18
5658 10
5659 5
5660 10
5661 14
5662 2
5663 5
5664 14
5665 4
5666 5
5667 5
5668 12
5669 5
5670 5
5671 2
5672 4
5673 12
5674 10
5675 14
5676 5
5677 12
5678 4
5679 12
5680 10
5681 10
5682 2
5683 12
5684 14
5685 10
5686 18
5687 5
5688 4
5689 5
5690 4
5691 10
5692 10
5693 5
5694 10
5695 2
5696 14
5697 10
5698 12
5699 12
5700 14
5701 12
5702 4
5703 18
5704 2
5705 18
5706 18
5707 5
5708 4
5709 5
5710 5
5711 18
5712 10
5713 4
5714 12
5715 14
5716 2
5717 4
5718 10
5719 18
5720 2
5721 18
5722 2
5723 12
5724 2
5725 12
5726 14
5727 14
5728 14
5729 10
5730 2
5731 18
5732 4
5733 2
5734 5
5735 10
5736 2
5737 12
5738 12
5739 10
5740 12
5741 12
5742 5
5743 10
5744 14
5745 12
5746 18
5747 5
5748 2
5749 2
5750 12
5751 12
5752 5
5753 12
5754 12
5755 5
5756 12
5757 14
5758 12
5759 12
5760 18
5761 12
5762 4
5763 2
5764 10
5765 14
5766 18
5767 10
5768 5
5769 2
5770 18
5771 2
5772 2
5773 12
5774 2
5775 2
5776 5
5777 18
5778 5
5779 2
5780 12
5781 18
5782 2
5783 12
5784 2
5785 4
5786 12
5787 14
5788 10
5789 12
5790 4
5791 12
5792 12
5793 14
5794 4
5795 18
5796 14
5797 5
5798 18
5799 2
5800 18
5801 5
5802 2
5803 2
5804 5
5805 2
5806 10
5807 18
5808 10
5809 18
5810 2
5811 14
5812 12
5813 18
5814 2
5815 4
5816 14
5817 10
5818 12
5819 10
5820 12
5821 12
5822 18
5823 5
5824 4
5825 10
5826 18
5827 4
5828 5
5829 2
5830 14
5831 18
5832 10
5833 18
5834 14
5835 10
5836 4
5837 5
5838 5
5839 14
5840 12
5841 18
5842 18
5843 10
5844 14
5845 10
5846 2
5847 10
5848 5
5849 5
5850 18
5851 10
5852 18
5853 2
5854 2
5855 12
5856 5
5857 18
5858 14
5859 5
5860 18
5861 14
5862 12
5863 14
5864 14
5865 2
5866 2
5867 12
5868 5
5869 14
5870 5
5871 4
5872 2
5873 2
5874 12
5875 5
5876 4
5877 10
5878 10
5879 14
5880 10
5881 10
5882 18
5883 5
5884 10
5885 18
5886 18
5887 2
5888 10
5889 14
5890 2
5891 14
5892 12
5893 12
5894 12
5895 18
5896 4
5897 2
5898 10
5899 4
5900 12
5901 14
5902 10
5903 12
5904 5
5905 18
5906 14
5907 14
5908 18
5909 4
5910 2
5911 4
5912 10
5913 10
5914 14
5915 2
5916 10
5917 2
5918 14
5919 14
5920 12
5921 14
5922 5
5923 4
5924 18
5925 12
5926 2
5927 4
5928 12
5929 10
5930 5
5931 2
5932 4
5933 5
5934 12
5935 12
5936 4
5937 10
5938 12
5939 5
5940 18
5941 5
5942 12
5943 5
5944 14
5945 14
5946 14
5947 10
5948 5
5949 5
5950 10
5951 10
5952 14
5953 5
5954 10
5955 14
5956 10
5957 12
5958 14
5959 18
5960 4
5961 14
5962 4
5963 14
5964 2
5965 10
5966 5
5967 18
5968 14
5969 2
5970 10
5971 12
5972 18
5973 12
5974 10
5975 18
5976 12
5977 14
5978 14
5979 18
5980 14
5981 4
5982 18
5983 10
5984 14
5985 10
5986 5
5987 14
5988 18
5989 2
5990 2
5991 5
5992 12
5993 4
5994 2
5995 18
5996 2
5997 14
5998 12
5999 18
6000 4
6001 4
6002 4
6003 14
6004 10
6005 14
6006 5
6007 12
6008 4
6009 18
6010 2
6011 14
6012 2
6013 18
6014 18
6015 14
6016 4
6017 14
6018 2
6019 14
6020 10
6021 14
6022 12
6023 14
6024 14
6025 2
6026 14
6027 18
6028 5
6029 14
6030 12
6031 2
6032 12
6033 4
6034 14
6035 4
6036 14
6037 10
6038 10
6039 2
6040 5
6041 10
6042 2
6043 18
6044 14
6045 4
6046 10
6047 2
6048 12
6049 4
6050 12
6051 12
6052 12
6053 2
6054 10
6055 18
6056 10
6057 14
6058 10
6059 10
6060 18
6061 10
6062 18
6063 4
6064 4
6065 4
6066 12
6067 5
6068 18
6069 14
6070 2
6071 12
6072 5
6073 10
6074 12
6075 5
6076 18
6077 4
6078 12
6079 14
6080 2
6081 4
6082 10
6083 10
6084 10
6085 18
6086 12
6087 2
6088 5
6089 4
6090 12
6091 10
6092 2
6093 4
6094 4
6095 14
6096 14
6097 5
6098 12
6099 2
6100 5
6101 5
6102 14
6103 4
6104 12
6105 10
6106 5
6107 5
6108 10
6109 4
6110 10
6111 14
6112 14
6113 2
6114 14
6115 4
6116 4
6117 12
6118 5
6119 5
6120 5
6121 4
6122 18
6123 14
6124 12
6125 2
6126 4
6127 18
6128 5
6129 4
6130 12
6131 18
6132 18
6133 18
6134 14
6135 14
6136 2
6137 2
6138 12
6139 4
6140 4
6141 2
6142 14
6143 12
6144 4
6145 14
6146 4
6147 14
6148 14
6149 4
6150 14
6151 18
6152 12
6153 2
6154 5
6155 10
6156 12
6157 10
6158 2
6159 14
6160 10
6161 5
6162 12
6163 12
6164 4
6165 14
6166 10
6167 18
6168 12
6169 14
6170 12
6171 12
6172 2
6173 10
6174 12
6175 2
6176 4
6177 18
6178 12
6179 5
6180 14
6181 18
6182 18
6183 5
6184 18
6185 10
6186 2
6187 14
6188 18
6189 2
6190 5
6191 10
6192 5
6193 12
6194 4
6195 18
6196 4
6197 5
6198 10
6199 4
6200 14
6201 18
6202 2
6203 5
6204 5
6205 14
6206 14
6207 12
6208 2
6209 2
6210 10
6211 2
6212 14
6213 18
6214 12
6215 2
6216 12
6217 18
6218 2
6219 12
6220 2
6221 4
6222 5
6223 5
6224 18
6225 10
6226 10
6227 18
6228 4
6229 2
6230 4
6231 5
6232 4
6233 2
6234 10
6235 5
6236 2
6237 4
6238 18
6239 5
6240 12
6241 14
6242 5
6243 18
6244 5
6245 12
6246 10
6247 14
6248 4
6249 10
6250 4
6251 5
6252 12
6253 14
6254 14
6255 10
6256 10
6257 10
6258 5
6259 4
6260 14
6261 14
6262 4
6263 5
6264 4
6265 18
6266 18
6267 4
6268 12
6269 4
6270 2
6271 2
6272 12
6273 18
6274 18
6275 14
6276 5
6277 12
6278 4
6279 4
6280 18
6281 5
6282 10
6283 10
6284 18
6285 18
6286 5
6287 5
6288 2
6289 4
6290 18
6291 2
6292 5
6293 10
6294 4
6295 10
6296 2
6297 5
6298 18
6299 14
6300 2
6301 12
6302 14
6303 18
6304 14
6305 12
6306 4
6307 12
6308 10
6309 10
6310 5
6311 4
6312 5
6313 18
6314 10
6315 14
6316 18
6317 10
6318 5
6319 10
6320 12
6321 4
6322 2
6323 14
6324 10
6325 4
6326 12
6327 5
6328 18
6329 10
6330 2
6331 5
6332 10
6333 18
6334 18
6335 10
6336 18
6337 2
6338 12
6339 2
6340 4
6341 14
6342 5
6343 5
6344 14
6345 10
6346 10
6347 5
6348 2
6349 14
6350 14
6351 4
6352 12
6353 14
6354 10
6355 12
6356 14
6357 10
6358 2
6359 14
6360 5
6361 2
6362 18
6363 4
6364 12
6365 5
6366 12
6367 2
6368 4
6369 14
6370 2
6371 5
6372 4
6373 5
6374 18
6375 14
6376 10
6377 12
6378 5
6379 12
6380 12
6381 2
6382 18
6383 2
6384 2
6385 2
6386 4
6387 10
6388 2
6389 18
6390 18
6391 12
6392 10
6393 12
6394 14
6395 14
6396 2
6397 10
6398 18
6399 18
6400 12
6401 10
6402 18
6403 2
6404 2
6405 4
6406 18
6407 2
6408 12
6409 12
6410 10
6411 18
6412 14
6413 5
6414 10
6415 12
6416 4
6417 4
6418 12
6419 12
6420 4
6421 14
6422 18
6423 4
6424 4
6425 5
6426 12
6427 5
6428 18
6429 4
6430 18
6431 4
6432 14
6433 5
6434 5
6435 4
6436 4
6437 18
6438 4
6439 2
6440 14
6441 14
6442 12
6443 5
6444 10
6445 18
6446 14
6447 14
6448 10
6449 14
6450 14
6451 18
6452 14
6453 18
6454 14
6455 14
6456 5
6457 14
6458 10
6459 14
6460 4
6461 5
6462 12
6463 12
6464 12
6465 2
6466 10
6467 12
6468 5
6469 4
6470 4
6471 14
6472 10
6473 18
6474 14
6475 12
6476 14
6477 18
6478 4
6479 14
6480 10
6481 18
6482 5
6483 14
6484 10
6485 18
6486 4
6487 18
6488 4
6489 14
6490 18
6491 14
6492 2
6493 4
6494 14
6495 4
6496 10
6497 18
6498 4
6499 5
6500 12
6501 2
6502 12
6503 2
6504 12
6505 10
6506 5
6507 4
6508 5
6509 4
6510 5
6511 12
6512 18
6513 14
6514 4
6515 4
6516 14
6517 18
6518 4
6519 4
6520 10
6521 14
6522 14
6523 4
6524 14
6525 4
6526 2
6527 14
6528 18
6529 12
6530 14
6531 12
6532 18
6533 2
6534 18
6535 5
6536 18
6537 14
6538 10
6539 5
6540 2
6541 18
6542 2
6543 12
6544 10
6545 2
6546 4
6547 5
6548 5
6549 2
6550 5
6551 4
6552 12
6553 14
6554 5
6555 2
6556 5
6557 2
6558 5
6559 4
6560 18
6561 10
6562 5
6563 4
6564 4
6565 12
6566 4
6567 2
6568 18
6569 5
6570 12
6571 4
6572 14
6573 18
6574 5
6575 2
6576 4
6577 12
6578 14
6579 2
6580 10
6581 5
6582 12
6583 18
6584 4
6585 14
6586 14
6587 12
6588 2
6589 5
6590 5
6591 5
6592 5
6593 5
6594 5
6595 18
6596 4
6597 14
6598 10
6599 2
6600 2
6601 4
6602 12
6603 4
6604 2
6605 12
6606 10
6607 10
6608 2
6609 14
6610 4
6611 5
6612 10
6613 2
6614 10
6615 12
6616 2
6617 10
6618 4
6619 5
6620 12
6621 12
6622 5
6623 12
6624 14
6625 12
6626 14
6627 4
6628 10
6629 14
6630 12
6631 12
6632 12
6633 18
6634 18
6635 2
6636 14
6637 5
6638 5
6639 5
6640 5
6641 2
6642 2
6643 10
6644 2
6645 2
6646 10
6647 10
6648 4
6649 18
6650 14
6651 10
6652 18
6653 12
6654 12
6655 4
6656 10
6657 10
6658 5
6659 4
6660 12
6661 2
6662 12
6663 10
6664 5
6665 14
6666 2
6667 2
6668 4
6669 18
6670 10
6671 5
6672 4
6673 18
6674 14
6675 10
6676 14
6677 5
6678 5
6679 5
6680 5
6681 10
6682 10
6683 4
6684 4
6685 10
6686 12
6687 14
6688 5
6689 4
6690 10
6691 5
6692 12
6693 10
6694 4
6695 2
6696 2
6697 18
6698 12
6699 2
6700 4
6701 2
6702 14
6703 10
6704 12
6705 14
6706 5
6707 2
6708 4
6709 12
6710 18
6711 4
6712 18
6713 5
6714 18
6715 14
6716 18
6717 14
6718 18
6719 12
6720 2
6721 18
6722 12
6723 4
6724 5
6725 18
6726 18
6727 2
6728 12
6729 14
6730 5
6731 2
6732 4
6733 18
6734 14
6735 12
6736 18
6737 14
6738 12
6739 2
6740 12
6741 5
6742 2
6743 2
6744 5
6745 14
6746 4
6747 10
6748 12
6749 12
6750 2
6751 2
6752 18
6753 12
6754 10
6755 4
6756 2
6757 4
6758 5
6759 12
6760 10
6761 14
6762 4
6763 4
6764 14
6765 18
6766 2
6767 5
6768 2
6769 4
6770 12
6771 18
6772 4
6773 12
6774 5
6775 5
6776 14
6777 5
6778 10
6779 5
6780 14
6781 4
6782 18
6783 10
6784 12
6785 4
6786 12
6787 14
6788 14
6789 14
6790 2
6791 5
6792 18
6793 2
6794 10
6795 2
6796 12
6797 14
6798 10
6799 10
6800 10
6801 12
6802 5
6803 10
6804 10
6805 14
6806 12
6807 12
6808 12
6809 4
6810 10
6811 5
6812 14
6813 5
6814 2
6815 4
6816 14
6817 10
6818 18
6819 2
6820 4
6821 18
6822 4
6823 12
6824 4
6825 5
6826 5
6827 4
6828 18
6829 2
6830 14
6831 14
6832 18
6833 18
6834 12
6835 5
6836 14
6837 18
6838 5
6839 5
6840 5
6841 14
6842 18
6843 4
6844 2
6845 14
6846 10
6847 4
6848 12
6849 18
6850 12
6851 12
6852 2
6853 12
6854 18
6855 2
6856 12
6857 2
6858 2
6859 10
6860 12
6861 14
6862 18
6863 10
6864 5
6865 4
6866 18
6867 12
6868 2
6869 2
6870 2
6871 18
6872 2
6873 14
6874 5
6875 10
6876 18
6877 12
6878 12
6879 12
6880 2
6881 18
6882 10
6883 18
6884 18
6885 2
6886 18
6887 10
6888 12
6889 4
6890 2
6891 12
6892 5
6893 10
6894 2
6895 5
6896 5
6897 4
6898 4
6899 4
6900 2
6901 5
6902 18
6903 4
6904 4
6905 12
6906 4
6907 14
6908 14
6909 14
6910 18
6911 12
6912 12
6913 5
6914 14
6915 2
6916 10
6917 4
6918 5
6919 14
6920 18
6921 4
6922 4
6923 18
6924 5
6925 18
6926 2
6927 14
6928 12
6929 12
6930 4
6931 12
6932 18
6933 12
6934 10
6935 4
6936 5
6937 4
6938 12
6939 12
6940 18
6941 10
6942 4
6943 2
6944 5
6945 2
6946 18
6947 14
6948 2
6949 2
6950 12
6951 5
6952 12
6953 18
6954 4
6955 14
6956 2
6957 2
6958 18
6959 5
6960 12
6961 4
6962 18
6963 18
6964 4
6965 14
6966 14
6967 12
6968 14
6969 5
6970 2
6971 5
6972 18
6973 14
6974 4
6975 10
6976 12
6977 4
6978 14
6979 14
6980 14
6981 10
6982 2
6983 18
6984 10
6985 10
6986 12
6987 4
6988 4
6989 4
6990 2
6991 2
6992 2
6993 2
6994 4
6995 18
6996 5
6997 12
6998 2
6999 4
7000 5
7001 2
7002 5
7003 4
7004 14
7005 12
7006 4
7007 2
7008 18
7009 14
7010 5
7011 18
7012 5
7013 12
7014 18
7015 12
7016 12
7017 4
7018 18
7019 4
7020 2
7021 10
7022 12
7023 2
7024 18
7025 5
7026 12
7027 12
7028 10
7029 18
7030 18
7031 18
7032 5
7033 18
7034 10
7035 2
7036 18
7037 4
7038 5
7039 4
7040 14
7041 14
7042 12
7043 10
7044 4
7045 10
7046 14
7047 10
7048 5
7049 10
7050 18
7051 5
7052 14
7053 4
7054 12
7055 18
7056 2
7057 5
7058 12
7059 12
7060 4
7061 2
7062 4
7063 14
7064 18
7065 14
7066 4
7067 18
7068 14
7069 18
7070 4
7071 12
7072 2
7073 14
7074 10
7075 18
7076 10
7077 2
7078 12
7079 14
7080 4
7081 18
7082 10
7083 5
7084 2
7085 2
7086 5
7087 2
7088 18
7089 12
7090 10
7091 2
7092 12
7093 4
7094 2
7095 14
7096 4
7097 10
7098 12
7099 18
7100 12
7101 5
7102 12
7103 2
7104 12
7105 12
7106 12
7107 14
7108 2
7109 14
7110 18
7111 4
7112 18
7113 2
7114 10
7115 4
7116 18
7117 10
7118 14
7119 4
7120 5
7121 10
7122 14
7123 2
7124 14
7125 4
7126 2
7127 5
7128 12
7129 14
7130 5
7131 5
7132 14
7133 4
7134 18
7135 4
7136 12
7137 14
7138 12
7139 4
7140 5
7141 5
7142 2
7143 5
7144 18
7145 2
7146 14
7147 5
7148 18
7149 18
7150 2
7151 4
7152 5
7153 4
7154 4
7155 4
7156 2
7157 18
7158 12
7159 12
7160 14
7161 2
7162 14
7163 12
7164 14
7165 2
7166 12
7167 2
7168 4
7169 10
7170 10
7171 12
7172 14
7173 5
7174 5
7175 2
7176 14
7177 14
7178 4
7179 10
7180 2
7181 12
7182 2
7183 2
7184 14
7185 10
7186 4
7187 2
7188 4
7189 18
7190 4
7191 10
7192 5
7193 4
7194 10
7195 4
7196 5
7197 14
7198 14
7199 12
7200 18
7201 5
7202 10
7203 10
7204 5
7205 5
7206 2
7207 5
7208 4
7209 12
7210 10
7211 5
7212 14
7213 12
7214 14
7215 18
7216 5
7217 5
7218 12
7219 10
7220 2
7221 12
7222 12
7223 4
7224 12
7225 10
7226 12
7227 2
7228 4
7229 18
7230 2
7231 2
7232 4
7233 18
7234 2
7235 2
7236 12
7237 12
7238 5
7239 12
7240 4
7241 12
7242 5
7243 5
7244 14
7245 12
7246 14
7247 14
7248 4
7249 18
7250 12
7251 2
7252 4
7253 4
7254 2
7255 18
7256 14
7257 5
7258 5
7259 4
7260 5
7261 4
7262 2
7263 4
7264 5
7265 4
7266 5
7267 12
7268 14
7269 5
7270 2
7271 18
7272 14
7273 18
7274 4
7275 2
7276 18
7277 14
7278 4
7279 12
7280 4
7281 18
7282 12
7283 5
7284 2
7285 14
7286 10
7287 12
7288 10
7289 5
7290 14
7291 18
7292 2
7293 18
7294 2
7295 14
7296 2
7297 14
7298 18
7299 14
7300 5
7301 14
7302 18
7303 4
7304 12
7305 12
7306 2
7307 4
7308 10
7309 14
7310 5
7311 14
7312 18
7313 10
7314 14
7315 2
7316 12
7317 14
7318 2
7319 10
7320 10
7321 5
7322 4
7323 14
7324 5
7325 12
7326 12
7327 12
7328 5
7329 12
7330 10
7331 2
7332 12
7333 18
7334 14
7335 18
7336 4
7337 2
7338 12
7339 2
7340 12
7341 4
7342 12
7343 5
7344 12
7345 12
7346 14
7347 10
7348 18
7349 4
7350 18
7351 4
7352 2
7353 2
7354 2
7355 5
7356 18
7357 14
7358 10
7359 18
7360 14
7361 18
7362 10
7363 10
7364 4
7365 12
7366 10
7367 4
7368 14
7369 14
7370 10
7371 12
7372 10
7373 4
7374 10
7375 14
7376 4
7377 2
7378 10
7379 5
7380 14
7381 18
7382 5
7383 18
7384 2
7385 14
7386 4
7387 2
7388 10
7389 4
7390 5
7391 12
7392 10
7393 5
7394 12
7395 4
7396 18
7397 12
7398 12
7399 4
7400 4
7401 4
7402 2
7403 14
7404 10
7405 18
7406 10
7407 5
7408 10
7409 14
7410 4
7411 10
7412 12
7413 5
7414 18
7415 10
7416 12
7417 2
7418 18
7419 14
7420 5
7421 14
7422 12
7423 2
7424 14
7425 12
7426 14
7427 4
7428 18
7429 2
7430 12
7431 14
7432 5
7433 18
7434 2
7435 4
7436 14
7437 12
7438 4
7439 18
7440 10
7441 4
7442 12
7443 2
7444 2
7445 5
7446 4
7447 10
7448 14
7449 2
7450 5
7451 2
7452 14
7453 5
7454 5
7455 14
7456 12
7457 2
7458 18
7459 12
7460 12
7461 18
7462 2
7463 18
7464 12
7465 12
7466 14
7467 10
7468 4
7469 10
7470 10
7471 18
7472 18
7473 12
7474 4
7475 12
7476 2
7477 18
7478 14
7479 18
7480 18
7481 10
7482 10
7483 14
7484 5
7485 10
7486 12
7487 5
7488 4
7489 2
7490 12
7491 10
7492 12
7493 12
7494 2
7495 4
7496 18
7497 18
7498 10
7499 2
7500 18
7501 2
7502 4
7503 5
7504 10
7505 4
7506 14
7507 12
7508 5
7509 4
7510 2
7511 10
7512 14
7513 12
7514 14
7515 5
7516 4
7517 12
7518 18
7519 2
7520 18
7521 2
7522 2
7523 10
7524 5
7525 12
7526 5
7527 2
7528 18
7529 14
7530 2
7531 18
7532 18
7533 18
7534 2
7535 18
7536 4
7537 4
7538 5
7539 2
7540 18
7541 12
7542 12
7543 14
7544 5
7545 5
7546 10
7547 2
7548 10
7549 12
7550 10
7551 10
7552 4
7553 4
7554 18
7555 10
7556 2
7557 5
7558 2
7559 12
7560 18
7561 4
7562 4
7563 12
7564 2
7565 4
7566 12
7567 12
7568 10
7569 12
7570 4
7571 5
7572 14
7573 18
7574 12
7575 12
7576 14
7577 14
7578 10
7579 2
7580 10
7581 2
7582 4
7583 4
7584 10
7585 18
7586 12
7587 12
7588 14
7589 10
7590 12
7591 10
7592 4
7593 5
7594 10
7595 12
7596 5
7597 2
7598 4
7599 14
7600 5
7601 12
7602 14
7603 4
7604 18
7605 18
7606 18
7607 10
7608 18
7609 10
7610 10
7611 14
7612 2
7613 10
7614 10
7615 18
7616 18
7617 5
7618 4
7619 10
7620 2
7621 18
7622 4
7623 2
7624 4
7625 18
7626 14
7627 5
7628 18
7629 14
7630 4
7631 5
7632 12
7633 2
7634 2
7635 5
7636 14
7637 4
7638 5
7639 12
7640 18
7641 12
7642 18
7643 5
7644 14
7645 12
7646 18
7647 18
7648 18
7649 12
7650 12
7651 2
7652 14
7653 18
7654 14
7655 2
7656 12
7657 4
7658 4
7659 18
7660 5
7661 2
7662 18
7663 5
7664 10
7665 14
7666 4
7667 14
7668 18
7669 14
7670 2
7671 5
7672 2
7673 4
7674 10
7675 18
7676 4
7677 5
7678 4
7679 12
7680 10
7681 2
7682 2
7683 18
7684 18
7685 10
7686 5
7687 2
7688 14
7689 10
7690 10
7691 18
7692 4
7693 14
7694 12
7695 18
7696 12
7697 10
7698 12
7699 14
7700 18
7701 2
7702 12
7703 18
7704 10
7705 2
7706 2
7707 5
7708 4
7709 2
7710 10
7711 2
7712 10
7713 14
7714 12
7715 5
7716 14
7717 4
7718 14
7719 10
7720 18
7721 2
7722 5
7723 4
7724 2
7725 18
7726 12
7727 18
7728 18
7729 5
7730 18
7731 4
7732 14
7733 12
7734 5
7735 4
7736 2
7737 10
7738 10
7739 5
7740 18
7741 2
7742 18
7743 10
7744 14
7745 14
7746 18
7747 12
7748 18
7749 10
7750 4
7751 14
7752 14
7753 14
7754 14
7755 2
7756 4
7757 18
7758 14
7759 14
7760 10
7761 4
7762 18
7763 2
7764 12
7765 10
7766 10
7767 4
7768 2
7769 18
7770 4
7771 10
7772 10
7773 12
7774 5
7775 4
7776 12
7777 5
7778 18
7779 14
7780 14
7781 5
7782 4
7783 18
7784 5
7785 12
7786 5
7787 12
7788 18
7789 14
7790 18
7791 12
7792 12
7793 5
7794 10
7795 4
7796 12
7797 14
7798 2
7799 5
7800 18
7801 12
7802 12
7803 5
7804 4
7805 12
7806 4
7807 12
7808 10
7809 14
7810 10
7811 4
7812 2
7813 5
7814 4
7815 14
7816 10
7817 4
7818 4
7819 18
7820 18
7821 2
7822 2
7823 10
7824 18
7825 14
7826 5
7827 4
7828 12
7829 12
7830 14
7831 2
7832 5
7833 2
7834 12
7835 2
7836 2
7837 2
7838 2
7839 5
7840 14
7841 10
7842 5
7843 12
7844 4
7845 14
7846 5
7847 18
7848 18
7849 2
7850 14
7851 4
7852 12
7853 14
7854 4
7855 14
7856 10
7857 2
7858 18
7859 10
7860 10
7861 4
7862 14
7863 12
7864 10
7865 12
7866 12
7867 10
7868 4
7869 2
7870 18
7871 10
7872 5
7873 4
7874 14
7875 12
7876 4
7877 4
7878 5
7879 14
7880 10
7881 18
7882 18
7883 10
7884 12
7885 4
7886 2
7887 5
7888 18
7889 5
7890 4
7891 10
7892 14
7893 10
7894 14
7895 14
7896 18
7897 14
7898 10
7899 10
7900 14
7901 2
7902 12
7903 14
7904 2
7905 4
7906 10
7907 12
7908 14
7909 4
7910 2
7911 14
7912 18
7913 14
7914 12
7915 4
7916 12
7917 10
7918 12
7919 10
7920 2
7921 2
7922 4
7923 14
7924 14
7925 2
7926 14
7927 14
7928 2
7929 12
7930 12
7931 2
7932 5
7933 10
7934 4
7935 14
7936 12
7937 2
7938 18
7939 5
7940 12
7941 10
7942 14
7943 5
7944 5
7945 5
7946 12
7947 14
7948 10
7949 14
7950 4
7951 18
7952 5
7953 4
7954 2
7955 5
7956 18
7957 18
7958 2
7959 5
7960 4
7961 18
7962 12
7963 10
7964 14
7965 5
7966 2
7967 5
7968 4
7969 12
7970 10
7971 2
7972 10
7973 10
7974 14
7975 2
7976 4
7977 14
7978 12
7979 10
7980 4
7981 5
7982 14
7983 14
7984 14
7985 2
7986 18
7987 4
7988 10
7989 5
7990 5
7991 4
7992 10
7993 18
7994 10
7995 4
7996 2
7997 12
7998 12
7999 18
8000 4
8001 18
8002 4
8003 10
8004 5
8005 4
8006 14
8007 5
8008 18
8009 4
8010 18
8011 2
8012 12
8013 4
8014 4
8015 14
8016 5
8017 14
8018 4
8019 14
8020 5
8021 18
8022 4
8023 2
8024 10
8025 2
8026 12
8027 4
8028 10
8029 18
8030 5
8031 12
8032 10
8033 2
8034 2
8035 5
8036 10
8037 18
8038 14
8039 2
8040 4
8041 12
8042 12
8043 10
8044 14
8045 5
8046 4
8047 4
8048 4
8049 2
8050 2
8051 4
8052 10
8053 10
8054 4
8055 12
8056 18
8057 10
8058 5
8059 12
8060 10
8061 4
8062 14
8063 4
8064 10
8065 12
8066 18
8067 18
8068 2
8069 10
8070 12
8071 5
8072 12
8073 4
8074 2
8075 5
8076 12
8077 12
8078 2
8079 2
8080 4
8081 12
8082 18
8083 18
8084 10
8085 2
8086 10
8087 10
8088 5
8089 10
8090 14
8091 14
8092 14
8093 4
8094 4
8095 10
8096 4
8097 5
8098 18
8099 5
8100 18
8101 14
8102 2
8103 18
8104 10
8105 10
8106 12
8107 4
8108 12
8109 4
8110 4
8111 12
8112 10
8113 18
8114 12
8115 10
8116 2
8117 14
8118 5
8119 10
8120 5
8121 12
8122 18
8123 2
8124 10
8125 4
8126 12
8127 10
8128 4
8129 4
8130 2
8131 4
8132 12
8133 10
8134 2
8135 2
8136 12
8137 18
8138 14
8139 10
8140 18
8141 4
8142 2
8143 10
8144 2
8145 2
8146 5
8147 10
8148 14
8149 5
8150 4
8151 2
8152 14
8153 5
8154 18
8155 12
8156 10
8157 10
8158 18
8159 5
8160 4
8161 2
8162 18
8163 5
8164 4
8165 18
8166 2
8167 12
8168 2
8169 18
8170 18
8171 18
8172 14
8173 18
8174 18
8175 14
8176 10
8177 5
8178 14
8179 4
8180 14
8181 2
8182 10
8183 18
8184 18
8185 5
8186 14
8187 14
8188 18
8189 4
8190 2
8191 14
8192 2
8193 4
8194 12
8195 18
8196 12
8197 12
8198 2
8199 12
8200 10
8201 4
8202 4
8203 4
8204 5
8205 4
8206 4
8207 5
8208 10
8209 18
8210 18
8211 12
8212 2
8213 10
8214 2
8215 12
8216 2
8217 12
8218 5
8219 12
8220 2
8221 18
8222 12
8223 14
8224 10
8225 4
8226 14
8227 4
8228 10
8229 18
8230 4
8231 4
8232 4
8233 10
8234 12
8235 2
8236 14
8237 2
8238 18
8239 2
8240 12
8241 14
8242 12
8243 4
8244 18
8245 5
8246 2
8247 5
8248 18
8249 14
8250 18
8251 2
8252 5
8253 14
8254 14
8255 2
8256 2
8257 4
8258 5
8259 18
8260 5
8261 4
8262 18
8263 10
8264 18
8265 4
8266 14
8267 5
8268 10
8269 14
8270 5
8271 4
8272 5
8273 18
8274 5
8275 4
8276 14
8277 18
8278 18
8279 4
8280 18
8281 2
8282 12
8283 12
8284 18
8285 14
8286 10
8287 4
8288 5
8289 14
8290 10
8291 2
8292 2
8293 18
8294 18
8295 2
8296 18
8297 4
8298 14
8299 5
8300 12
8301 14
8302 10
8303 14
8304 10
8305 14
8306 5
8307 18
8308 14
8309 2
8310 12
8311 4
8312 12
8313 18
8314 18
8315 5
8316 5
8317 14
8318 12
8319 18
8320 12
8321 5
8322 5
8323 14
8324 10
8325 10
8326 18
8327 14
8328 2
8329 2
8330 14
8331 2
8332 14
8333 5
8334 2
8335 14
8336 4
8337 10
8338 14
8339 4
8340 18
8341 14
8342 18
8343 5
8344 12
8345 5
8346 10
8347 10
8348 14
8349 2
8350 5
8351 5
8352 5
8353 2
8354 14
8355 18
8356 5
8357 5
8358 5
8359 18
8360 2
8361 12
8362 5
8363 2
8364 18
8365 5
8366 10
8367 4
8368 14
8369 2
8370 2
8371 10
8372 10
8373 18
8374 14
8375 10
8376 2
8377 5
8378 14
8379 2
8380 12
8381 2
8382 10
8383 5
8384 2
8385 18
8386 2
8387 5
8388 5
8389 5
8390 18
8391 10
8392 2
8393 12
8394 2
8395 2
8396 2
8397 14
8398 4
8399 4
8400 2
8401 14
8402 10
8403 5
8404 14
8405 10
8406 2
8407 14
8408 10
8409 12
8410 5
8411 18
8412 14
8413 5
8414 2
8415 14
8416 14
8417 18
8418 18
8419 5
8420 12
8421 2
8422 2
8423 10
8424 14
8425 10
8426 10
8427 10
8428 14
8429 2
8430 12
8431 4
8432 2
8433 5
8434 18
8435 12
8436 14
8437 2
8438 12
8439 2
8440 2
8441 14
8442 12
8443 18
8444 12
8445 12
8446 14
8447 12
8448 18
8449 12
8450 5
8451 12
8452 10
8453 18
8454 14
8455 4
8456 10
8457 4
8458 5
8459 12
8460 14
8461 14
8462 14
8463 18
8464 12
8465 4
8466 5
8467 14
8468 10
8469 18
8470 14
8471 14
8472 14
8473 12
8474 14
8475 10
8476 10
8477 2
8478 14
8479 14
8480 5
8481 10
8482 12
8483 14
8484 14
8485 4
8486 18
8487 4
8488 2
8489 5
8490 10
8491 14
8492 5
8493 12
8494 12
8495 10
8496 10
8497 5
8498 4
8499 5
8500 10
8501 18
8502 4
8503 10
8504 14
8505 14
8506 5
8507 4
8508 5
8509 2
8510 12
8511 14
8512 18
8513 4
8514 2
8515 5
8516 18
8517 4
8518 14
8519 12
8520 4
8521 4
8522 2
8523 12
8524 10
8525 10
8526 5
8527 4
8528 4
8529 10
8530 10
8531 14
8532 14
8533 4
8534 5
8535 4
8536 14
8537 18
8538 14
8539 5
8540 2
8541 2
8542 12
8543 5
8544 5
8545 18
8546 2
8547 4
8548 5
8549 2
8550 14
8551 18
8552 12
8553 12
8554 4
8555 5
8556 12
8557 14
8558 4
8559 4
8560 14
8561 10
8562 10
8563 2
8564 12
8565 4
8566 18
8567 14
8568 12
8569 12
8570 10
8571 4
8572 5
8573 5
8574 4
8575 14
8576 12
8577 10
8578 2
8579 5
8580 5
8581 14
8582 5
8583 10
8584 5
8585 4
8586 14
8587 5
8588 2
8589 12
8590 4
8591 4
8592 4
8593 5
8594 18
8595 5
8596 14
8597 18
8598 14
8599 5
8600 18
8601 5
8602 14
8603 5
8604 12
8605 4
8606 2
8607 10
8608 10
8609 10
8610 18
8611 18
8612 18
8613 4
8614 12
8615 14
8616 10
8617 14
8618 2
8619 2
8620 4
8621 18
8622 5
8623 10
8624 2
8625 2
8626 12
8627 10
8628 4
8629 12
8630 4
8631 5
8632 5
8633 5
8634 12
8635 12
8636 14
8637 2
8638 18
8639 5
8640 14
8641 5
8642 18
8643 18
8644 10
8645 10
8646 10
8647 10
8648 4
8649 10
8650 10
8651 2
8652 2
8653 14
8654 5
8655 2
8656 2
8657 14
8658 5
8659 14
8660 18
8661 4
8662 5
8663 5
8664 12
8665 10
8666 5
8667 14
8668 4
8669 2
8670 5
8671 14
8672 18
8673 2
8674 2
8675 12
8676 4
8677 10
8678 12
8679 12
8680 12
8681 12
8682 4
8683 5
8684 2
8685 5
8686 10
8687 2
8688 2
8689 2
8690 2
8691 4
8692 10
8693 10
8694 4
8695 14
8696 2
8697 14
8698 2
8699 18
8700 18
8701 5
8702 12
8703 12
8704 10
8705 5
8706 12
8707 10
8708 18
8709 2
8710 10
8711 14
8712 14
8713 18
8714 12
8715 2
8716 2
8717 12
8718 4
8719 4
8720 10
8721 18
8722 14
8723 14
8724 12
8725 5
8726 14
8727 5
8728 18
8729 14
8730 12
8731 2
8732 14
8733 5
8734 5
8735 14
8736 12
8737 4
8738 12
8739 5
8740 4
8741 4
8742 5
8743 18
8744 4
8745 2
8746 10
8747 18
8748 2
8749 4
8750 14
8751 5
8752 2
8753 14
8754 2
8755 5
8756 10
8757 10
8758 10
8759 14
8760 2
8761 18
8762 18
8763 18
8764 18
8765 4
8766 12
8767 2
8768 2
8769 10
8770 14
8771 5
8772 5
8773 10
8774 18
8775 12
8776 5
8777 14
8778 12
8779 2
8780 4
8781 4
8782 14
8783 5
8784 10
8785 12
8786 18
8787 4
8788 10
8789 2
8790 10
8791 12
8792 10
8793 10
8794 10
8795 14
8796 12
8797 4
8798 12
8799 4
8800 14
8801 14
8802 14
8803 18
8804 5
8805 18
8806 14
8807 12
8808 4
8809 2
8810 4
8811 5
8812 12
8813 10
8814 10
8815 14
8816 5
8817 12
8818 4
8819 10
8820 4
8821 2
8822 10
8823 4
8824 12
8825 2
8826 10
8827 2
8828 4
8829 12
8830 10
8831 14
8832 4
8833 5
8834 2
8835 2
8836 10
8837 5
8838 14
8839 5
8840 2
8841 4
8842 4
8843 5
8844 2
8845 18
8846 4
8847 14
8848 14
8849 5
8850 4
8851 12
8852 12
8853 18
8854 2
8855 5
8856 10
8857 2
8858 2
8859 4
8860 5
8861 10
8862 14
8863 18
8864 18
8865 4
8866 10
8867 14
8868 4
8869 14
8870 2
8871 5
8872 12
8873 18
8874 2
8875 18
8876 18
8877 4
8878 12
8879 12
8880 5
8881 5
8882 12
8883 10
8884 2
8885 14
8886 12
8887 4
8888 10
8889 14
8890 4
8891 2
8892 5
8893 10
8894 5
8895 12
8896 14
8897 5
8898 4
8899 18
8900 14
8901 5
8902 4
8903 14
8904 10
8905 4
8906 12
8907 10
8908 14
8909 12
8910 2
8911 12
8912 18
8913 14
8914 2
8915 14
8916 12
8917 10
8918 10
8919 14
8920 14
8921 18
8922 4
8923 10
8924 18
8925 18
8926 4
8927 10
8928 14
8929 4
8930 18
8931 4
8932 2
8933 10
8934 18
8935 12
8936 4
8937 14
8938 5
8939 2
8940 12
8941 10
8942 18
8943 4
8944 12
8945 10
8946 5
8947 5
8948 14
8949 10
8950 2
8951 18
8952 10
8953 14
8954 4
8955 2
8956 4
8957 18
8958 4
8959 12
8960 12
8961 4
8962 4
8963 18
8964 5
8965 10
8966 4
8967 10
8968 2
8969 4
8970 14
8971 12
8972 5
8973 18
8974 10
8975 5
8976 12
8977 5
8978 2
8979 12
8980 5
8981 18
8982 10
8983 2
8984 4
8985 18
8986 5
8987 2
8988 4
8989 18
8990 12
8991 10
8992 4
8993 4
8994 18
8995 12
8996 12
8997 5
8998 2
8999 10
9000 12
9001 12
9002 4
9003 4
9004 2
9005 5
9006 2
9007 5
9008 14
9009 5
9010 4
9011 2
9012 2
9013 12
9014 2
9015 4
9016 10
9017 10
9018 5
9019 18
9020 14
9021 10
9022 18
9023 18
9024 14
9025 2
9026 5
9027 2
9028 12
9029 18
9030 2
9031 14
9032 18
9033 5
9034 18
9035 4
9036 14
9037 18
9038 18
9039 4
9040 12
9041 2
9042 14
9043 5
9044 10
9045 18
9046 18
9047 5
9048 5
9049 2
9050 14
9051 12
9052 14
9053 12
9054 18
9055 18
9056 18
9057 4
9058 5
9059 4
9060 4
9061 10
9062 12
9063 5
9064 12
9065 18
9066 10
9067 4
9068 12
9069 4
9070 10
9071 2
9072 12
9073 2
9074 14
9075 4
9076 2
9077 4
9078 5
9079 18
9080 4
9081 10
9082 4
9083 10
9084 14
9085 4
9086 5
9087 4
9088 14
9089 18
9090 14
9091 14
9092 2
9093 4
9094 18
9095 12
9096 10
9097 14
9098 5
9099 2
9100 5
9101 5
9102 14
9103 5
9104 12
9105 14
9106 14
9107 5
9108 12
9109 12
9110 5
9111 14
9112 4
9113 2
9114 12
9115 14
9116 14
9117 2
9118 18
9119 18
9120 5
9121 5
9122 5
9123 14
9124 4
9125 14
9126 4
9127 10
9128 12
9129 18
9130 10
9131 12
9132 10
9133 12
9134 18
9135 10
9136 4
9137 10
9138 14
9139 5
9140 14
9141 4
9142 18
9143 10
9144 4
9145 18
9146 14
9147 14
9148 5
9149 10
9150 14
9151 12
9152 12
9153 4
9154 4
9155 10
9156 2
9157 4
9158 5
9159 4
9160 18
9161 2
9162 14
9163 12
9164 5
9165 4
9166 10
9167 14
9168 2
9169 12
9170 12
9171 2
9172 10
9173 12
9174 14
9175 18
9176 4
9177 18
9178 12
9179 5
9180 5
9181 12
9182 10
9183 2
9184 10
9185 18
9186 18
9187 10
9188 12
9189 4
9190 18
9191 14
9192 5
9193 18
9194 2
9195 10
9196 14
9197 4
9198 18
9199 4
9200 5
9201 18
9202 12
9203 5
9204 2
9205 10
9206 14
9207 2
9208 12
9209 2
9210 18
9211 4
9212 10
9213 12
9214 14
9215 18
9216 2
9217 2
9218 12
9219 2
9220 18
9221 5
9222 14
9223 14
9224 10
9225 14
9226 14
9227 12
9228 5
9229 12
9230 14
9231 18
9232 4
9233 18
9234 2
9235 5
9236 10
9237 4
9238 14
9239 10
9240 10
9241 5
9242 10
9243 12
9244 4
9245 14
9246 12
9247 10
9248 5
9249 14
9250 4
9251 14
9252 18
9253 12
9254 2
9255 14
9256 4
9257 18
9258 18
9259 5
9260 14
9261 2
9262 2
9263 14
9264 18
9265 14
9266 12
9267 2
9268 5
9269 5
9270 18
9271 18
9272 18
9273 14
9274 5
9275 5
9276 12
9277 2
9278 12
9279 18
9280 5
9281 4
9282 14
9283 10
9284 5
9285 18
9286 18
9287 12
9288 12
9289 10
9290 10
9291 18
9292 14
9293 14
9294 2
9295 4
9296 4
9297 18
9298 18
9299 18
9300 5
9301 2
9302 18
9303 4
9304 10
9305 18
9306 12
9307 18
9308 2
9309 10
9310 2
9311 5
9312 2
9313 18
9314 2
9315 4
9316 5
9317 12
9318 10
9319 4
9320 12
9321 10
9322 10
9323 2
9324 5
9325 4
9326 4
9327 2
9328 5
9329 18
9330 18
9331 14
9332 12
9333 12
9334 10
9335 18
9336 5
9337 14
9338 5
9339 10
9340 5
9341 14
9342 10
9343 5
9344 4
9345 2
9346 4
9347 2
9348 2
9349 10
9350 10
9351 18
9352 18
9353 2
9354 10
9355 5
9356 14
9357 4
9358 4
9359 2
9360 12
9361 12
9362 4
9363 2
9364 5
9365 10
9366 10
9367 12
9368 14
9369 18
9370 14
9371 10
9372 4
9373 4
9374 14
9375 12
9376 2
9377 12
9378 10
9379 18
9380 14
9381 2
9382 12
9383 4
9384 14
9385 2
9386 14
9387 10
9388 2
9389 5
9390 14
9391 18
9392 5
9393 5
9394 5
9395 18
9396 18
9397 14
9398 2
9399 5
9400 10
9401 14
9402 2
9403 12
9404 2
9405 2
9406 2
9407 12
9408 4
9409 4
9410 2
9411 18
9412 5
9413 5
9414 12
9415 18
9416 14
9417 5
9418 18
9419 12
9420 5
9421 14
9422 2
9423 5
9424 18
9425 10
9426 10
9427 5
9428 18
9429 5
9430 14
9431 5
9432 18
9433 5
9434 4
9435 5
9436 12
9437 14
9438 2
9439 10
9440 12
9441 18
9442 5
9443 14
9444 5
9445 5
9446 18
9447 2
9448 14
9449 2
9450 2
9451 14
9452 5
9453 18
9454 5
9455 5
9456 4
9457 14
9458 4
9459 2
9460 4
9461 2
9462 2
9463 10
9464 14
9465 4
9466 14
9467 5
9468 18
9469 2
9470 5
9471 2
9472 14
9473 4
9474 12
9475 4
9476 14
9477 4
9478 12
9479 2
9480 4
9481 12
9482 14
9483 10
9484 10
9485 5
9486 18
9487 12
9488 10
9489 12
9490 12
9491 14
9492 14
9493 10
9494 18
9495 4
9496 2
9497 2
9498 4
9499 14
9500 14
9501 12
9502 5
9503 12
9504 2
9505 14
9506 5
9507 18
9508 18
9509 10
9510 12
9511 2
9512 18
9513 14
9514 14
9515 5
9516 2
9517 10
9518 5
9519 12
9520 5
9521 2
9522 2
9523 18
9524 18
9525 14
9526 4
9527 12
9528 10
9529 12
9530 10
9531 12
9532 10
9533 10
9534 10
9535 10
9536 4
9537 2
9538 4
9539 18
9540 14
9541 18
9542 18
9543 10
9544 10
9545 10
9546 2
9547 18
9548 10
9549 14
9550 2
9551 14
9552 18
9553 4
9554 12
9555 4
9556 10
9557 10
9558 18
9559 12
9560 12
9561 12
9562 4
9563 2
9564 5
9565 18
9566 18
9567 4
9568 12
9569 4
9570 12
9571 18
9572 4
9573 2
9574 5
9575 4
9576 10
9577 10
9578 12
9579 5
9580 18
9581 2
9582 4
9583 4
9584 14
9585 14
9586 5
9587 14
9588 12
9589 2
9590 2
9591 18
9592 2
9593 10
9594 2
9595 14
9596 14
9597 2
9598 18
9599 5
9600 14
9601 10
9602 5
9603 2
9604 4
9605 10
9606 5
9607 12
9608 12
9609 4
9610 12
9611 4
9612 12
9613 5
9614 2
9615 12
9616 14
9617 18
9618 12
9619 4
9620 2
9621 2
9622 18
9623 12
9624 2
9625 4
9626 2
9627 18
9628 4
9629 18
9630 14
9631 18
9632 14
9633 2
9634 10
9635 12
9636 10
9637 5
9638 12
9639 4
9640 4
9641 2
9642 14
9643 12
9644 4
9645 12
9646 14
9647 10
9648 18
9649 12
9650 10
9651 10
9652 12
9653 14
9654 12
9655 18
9656 5
9657 18
9658 14
9659 5
9660 10
9661 2
9662 14
9663 10
9664 14
9665 14
9666 18
9667 10
9668 12
9669 14
9670 12
9671 14
9672 18
9673 2
9674 5
9675 18
9676 4
9677 10
9678 14
9679 12
9680 14
9681 5
9682 14
9683 18
9684 5
9685 5
9686 10
9687 4
9688 12
9689 12
9690 18
9691 2
9692 2
9693 5
9694 2
9695 12
9696 14
9697 10
9698 14
9699 10
9700 10
9701 10
9702 2
9703 14
9704 4
9705 2
9706 5
9707 5
9708 12
9709 18
9710 18
9711 14
9712 10
9713 4
9714 18
9715 2
9716 12
9717 10
9718 5
9719 5
9720 10
9721 18
9722 4
9723 18
9724 14
9725 4
9726 12
9727 4
9728 5
9729 18
9730 18
9731 18
9732 5
9733 10
9734 18
9735 18
9736 12
9737 14
9738 18
9739 2
9740 12
9741 5
9742 10
9743 4
9744 2
9745 4
9746 5
9747 4
9748 5
9749 14
9750 14
9751 5
9752 10
9753 5
9754 14
9755 14
9756 10
9757 12
9758 2
9759 12
9760 2
9761 5
9762 4
9763 18
9764 4
9765 18
9766 10
9767 12
9768 2
9769 5
9770 12
9771 14
9772 18
9773 14
9774 5
9775 2
9776 2
9777 18
9778 18
9779 4
9780 10
9781 5
9782 14
9783 14
9784 14
9785 5
9786 18
9787 10
9788 2
9789 18
9790 12
9791 5
9792 5
9793 14
9794 18
9795 2
9796 5
9797 14
9798 12
9799 5
9800 12
9801 2
9802 10
9803 4
9804 2
9805 10
9806 2
9807 5
9808 12
9809 4
9810 18
9811 12
9812 12
9813 4
9814 5
9815 5
9816 2
9817 14
9818 4
9819 4
9820 10
9821 2
9822 14
9823 5
9824 4
9825 5
9826 14
9827 2
9828 2
9829 5
9830 2
9831 5
9832 12
9833 12
9834 2
9835 10
9836 4
9837 5
9838 4
9839 4
9840 18
9841 4
9842 12
9843 4
9844 14
9845 18
9846 12
9847 18
9848 12
9849 18
9850 2
9851 12
9852 4
9853 12
9854 4
9855 18
9856 14
9857 10
9858 4
9859 5
9860 12
9861 18
9862 2
9863 10
9864 4
9865 18
9866 4
9867 2
9868 2
9869 12
9870 18
9871 4
9872 4
9873 18
9874 5
9875 18
9876 2
9877 4
9878 18
9879 4
9880 12
9881 18
9882 5
9883 2
9884 10
9885 5
9886 4
9887 18
9888 12
9889 2
9890 12
9891 2
9892 4
9893 12
9894 18
9895 4
9896 14
9897 5
9898 4
9899 5
9900 18
9901 10
9902 10
9903 10
9904 12
9905 12
9906 18
9907 10
9908 2
9909 10
9910 18
9911 10
9912 10
9913 5
9914 4
9915 14
9916 5
9917 14
9918 5
9919 10
9920 4
9921 18
9922 4
9923 2
9924 4
9925 14
9926 5
9927 18
9928 18
9929 10
9930 5
9931 18
9932 10
9933 18
9934 14
9935 2
9936 5
9937 12
9938 18
9939 18
9940 12
9941 10
9942 2
9943 4
9944 4
9945 18
9946 18
9947 12
9948 18
9949 4
9950 2
9951 2
9952 4
9953 5
9954 14
9955 14
9956 18
9957 2
9958 14
9959 2
9960 4
9961 5
9962 2
9963 10
9964 4
9965 4
9966 10
9967 5
9968 5
9969 2
9970 4
9971 18
9972 4
9973 4
9974 5
9975 14
9976 12
9977 12
9978 5
9979 12
9980 12
9981 12
9982 2
9983 18
9984 5
9985 14
9986 14
9987 4
9988 14
9989 14
9990 18
9991 18
9992 2
9993 4
9994 10
9995 4
9996 18
9997 5
9998 4
9999 18
10000 10
10001 18
10002 12
10003 14
10004 5
10005 14
10006 4
10007 2
10008 5
10009 18
10010 2
10011 4
10012 2
10013 10
10014 5
10015 2
10016 5
10017 2
10018 12
10019 12
10020 2
10021 18
10022 4
10023 2
10024 18
10025 18
10026 18
10027 14
10028 12
10029 5
10030 14
10031 5
10032 18
10033 18
10034 12
10035 18
10036 10
10037 10
10038 2
10039 10
10040 14
10041 14
10042 4
10043 12
10044 4
10045 14
10046 2
10047 10
10048 14
10049 14
10050 2
10051 2
10052 2
10053 14
10054 18
10055 14
10056 4
10057 14
10058 12
10059 5
10060 18
10061 10
10062 10
10063 12
10064 12
10065 4
10066 10
10067 14
10068 18
10069 18
10070 4
10071 5
10072 2
10073 4
10074 5
10075 5
10076 5
10077 14
10078 5
10079 14
10080 4
10081 5
10082 4
10083 5
10084 5
10085 2
10086 12
10087 2
10088 12
10089 18
10090 12
10091 10
10092 2
10093 12
10094 18
10095 5
10096 5
10097 14
10098 18
10099 4
10100 12
10101 18
10102 14
10103 4
10104 18
10105 4
10106 4
10107 12
10108 10
10109 2
10110 14
10111 18
10112 4
10113 4
10114 12
10115 12
10116 4
10117 10
10118 18
10119 14
10120 10
10121 18
10122 12
10123 14
10124 4
10125 14
10126 14
10127 4
10128 18
10129 12
10130 2
10131 5
10132 5
10133 5
10134 5
10135 4
10136 4
10137 2
10138 12
10139 5
10140 12
10141 10
10142 12
10143 2
10144 5
10145 14
10146 5
10147 12
10148 2
10149 10
10150 5
10151 14
10152 2
10153 4
10154 14
10155 2
10156 2
10157 5
10158 4
10159 14
10160 18
10161 2
10162 12
10163 2
10164 14
10165 4
10166 4
10167 2
10168 18
10169 4
10170 12
10171 5
10172 18
10173 12
10174 2
10175 14
10176 5
10177 4
10178 10
10179 14
10180 5
10181 12
10182 14
10183 2
10184 10
10185 2
10186 14
10187 5
10188 10
10189 12
10190 2
10191 12
10192 5
10193 18
10194 4
10195 2
10196 10
10197 4
10198 5
10199 2
10200 4
10201 18
10202 10
10203 18
10204 18
10205 12
10206 14
10207 5
10208 12
10209 14
10210 2
10211 14
10212 2
10213 14
10214 5
10215 14
10216 4
10217 12
10218 5
10219 18
10220 2
10221 5
10222 12
10223 4
10224 14
10225 2
10226 5
10227 14
10228 4
10229 10
10230 4
10231 12
10232 2
10233 4
10234 12
10235 4
10236 14
10237 18
10238 18
10239 10
10240 12
10241 12
10242 4
10243 12
10244 14
10245 18
10246 10
10247 5
10248 18
10249 18
10250 14
10251 2
10252 12
10253 14
10254 5
10255 18
10256 4
10257 14
10258 14
10259 10
10260 18
10261 10
10262 4
10263 2
10264 18
10265 12
10266 4
10267 14
10268 12
10269 12
10270 5
10271 12
10272 14
10273 4
10274 5
10275 10
10276 10
10277 5
10278 4
10279 2
10280 10
10281 5
10282 10
10283 14
10284 10
10285 10
10286 12
10287 4
10288 10
10289 4
10290 12
10291 10
10292 18
10293 10
10294 5
10295 18
10296 12
10297 12
10298 14
10299 5
10300 4
10301 14
10302 4
10303 4
10304 12
10305 12
10306 12
10307 2
10308 5
10309 10
10310 5
10311 10
10312 14
10313 18
10314 2
10315 12
10316 12
10317 18
10318 10
10319 12
10320 4
10321 5
10322 18
10323 4
10324 10
10325 5
10326 10
10327 18
10328 14
10329 12
10330 14
10331 18
10332 12
10333 18
10334 10
10335 4
10336 10
10337 2
10338 10
10339 18
10340 2
10341 12
10342 10
10343 5
10344 12
10345 5
10346 2
10347 14
10348 14
10349 2
10350 5
10351 5
10352 5
10353 2
10354 5
10355 4
10356 10
10357 2
10358 10
10359 10
10360 10
10361 2
10362 18
10363 2
10364 5
10365 5
10366 2
10367 5
10368 5
10369 10
10370 18
10371 5
10372 18
10373 12
10374 12
10375 12
10376 4
10377 18
10378 18
10379 10
10380 12
10381 10
10382 10
10383 12
10384 14
10385 10
10386 5
10387 14
10388 2
10389 4
10390 4
10391 4
10392 14
10393 2
10394 2
10395 12
10396 18
10397 10
10398 2
10399 12
10400 14
10401 18
10402 12
10403 14
10404 2
10405 12
10406 5
10407 18
10408 2
10409 18
10410 5
10411 2
10412 18
10413 12
10414 14
10415 18
10416 14
10417 5
10418 5
10419 5
10420 18
10421 10
10422 2
10423 4
10424 2
10425 18
10426 4
10427 10
10428 14
10429 14
10430 2
10431 14
10432 4
10433 12
10434 10
10435 18
10436 10
10437 18
10438 4
10439 18
10440 12
10441 10
10442 18
10443 12
10444 18
10445 5
10446 14
10447 12
10448 12
10449 14
10450 5
10451 5
10452 5
10453 2
10454 14
10455 12
10456 2
10457 10
10458 4
10459 2
10460 18
10461 10
10462 4
10463 2
10464 10
10465 18
10466 18
10467 10
10468 5
10469 2
10470 12
10471 12
10472 10
10473 10
10474 4
10475 12
10476 2
10477 4
10478 14
10479 4
10480 18
10481 2
10482 5
10483 14
10484 18
10485 2
10486 5
10487 18
10488 4
10489 10
10490 12
10491 14
10492 4
10493 12
10494 4
10495 18
10496 18
10497 10
10498 18
10499 14
10500 10
10501 4
10502 4
10503 10
10504 12
10505 14
10506 4
10507 2
10508 14
10509 5
10510 4
10511 18
10512 12
10513 4
10514 2
10515 5
10516 2
10517 2
10518 12
10519 12
10520 14
10521 12
10522 18
10523 14
10524 4
10525 18
10526 5
10527 12
10528 18
10529 14
10530 5
10531 18
10532 18
10533 12
10534 10
10535 10
10536 2
10537 2
10538 18
10539 14
10540 10
10541 14
10542 2
10543 12
10544 12
10545 12
10546 14
10547 12
10548 12
10549 10
10550 2
10551 18
10552 18
10553 10
10554 2
10555 4
10556 14
10557 12
10558 4
10559 18
10560 10
10561 5
10562 10
10563 5
10564 14
10565 18
10566 2
10567 12
10568 18
10569 14
10570 18
10571 10
10572 4
10573 10
10574 18
10575 10
10576 5
10577 18
10578 2
10579 12
10580 4
10581 12
10582 2
10583 5
10584 4
10585 14
10586 4
10587 4
10588 14
10589 2
10590 12
10591 10
10592 5
10593 2
10594 2
10595 10
10596 5
10597 12
10598 14
10599 18
10600 14
10601 10
10602 4
10603 4
10604 2
10605 14
10606 4
10607 4
10608 14
10609 4
10610 12
10611 18
10612 10
10613 4
10614 10
10615 12
10616 12
10617 2
10618 2
10619 2
10620 4
10621 4
10622 5
10623 4
10624 12
10625 2
10626 18
10627 18
10628 5
10629 10
10630 12
10631 14
10632 14
10633 5
10634 18
10635 12
10636 4
10637 4
10638 5
10639 2
10640 14
10641 5
10642 10
10643 14
10644 12
10645 10
10646 14
10647 12
10648 4
10649 4
10650 10
10651 2
10652 5
10653 10
10654 12
10655 14
10656 12
10657 14
10658 12
10659 18
10660 5
10661 2
10662 5
10663 18
10664 4
10665 14
10666 18
10667 18
10668 2
10669 5
10670 12
10671 18
10672 2
10673 14
10674 14
10675 12
10676 4
10677 14
10678 4
10679 12
10680 14
10681 2
10682 18
10683 4
10684 10
10685 12
10686 18
10687 10
10688 5
10689 4
10690 4
10691 4
10692 5
10693 10
10694 4
10695 5
10696 5
10697 14
10698 12
10699 18
10700 18
10701 10
10702 4
10703 5
10704 18
10705 4
10706 5
10707 2
10708 12
10709 5
10710 5
10711 5
10712 2
10713 14
10714 5
10715 12
10716 2
10717 12
10718 14
10719 2
10720 14
10721 4
10722 10
10723 18
10724 14
10725 5
10726 5
10727 18
10728 2
10729 4
10730 14
10731 12
10732 14
10733 4
10734 5
10735 12
10736 2
10737 2
10738 12
10739 12
10740 4
10741 4
10742 2
10743 12
10744 12
10745 4
10746 2
10747 4
10748 4
10749 2
10750 10
10751 18
10752 18
10753 10
10754 14
10755 18
10756 18
10757 4
10758 10
10759 14
10760 12
10761 2
10762 10
10763 2
10764 5
10765 12
10766 4
10767 18
10768 10
10769 12
10770 5
10771 2
10772 14
10773 18
10774 18
10775 4
10776 18
10777 14
10778 2
10779 10
10780 5
10781 2
10782 10
10783 2
10784 14
10785 2
10786 12
10787 5
10788 2
10789 10
10790 10
10791 5
10792 14
10793 4
10794 2
10795 4
10796 5
10797 14
10798 12
10799 14
10800 5
10801 14
10802 5
10803 5
10804 5
10805 5
10806 4
10807 14
10808 12
10809 12
10810 14
10811 10
10812 18
10813 2
10814 5
10815 14
10816 4
10817 2
10818 18
10819 2
10820 18
10821 18
10822 2
10823 10
10824 2
10825 5
10826 2
10827 10
10828 4
10829 10
10830 4
10831 2
10832 14
10833 12
10834 5
10835 12
10836 4
10837 12
10838 4
10839 14
10840 10
10841 2
10842 5
10843 5
10844 5
10845 14
10846 18
10847 18
10848 2
10849 5
10850 18
10851 10
10852 12
10853 14
10854 18
10855 4
10856 2
10857 12
10858 10
10859 14
10860 5
10861 10
10862 10
10863 4
10864 5
10865 12
10866 4
10867 12
10868 18
10869 4
10870 5
10871 18
10872 12
10873 2
10874 10
10875 10
10876 12
10877 12
10878 18
10879 4
10880 12
10881 5
10882 5
10883 12
10884 18
10885 12
10886 5
10887 12
10888 2
10889 10
10890 4
10891 14
10892 10
10893 18
10894 5
10895 14
10896 12
10897 2
10898 4
10899 12
10900 5
10901 18
10902 4
10903 14
10904 14
10905 12
10906 18
10907 10
10908 18
10909 4
10910 12
10911 4
10912 2
10913 18
10914 14
10915 5
10916 5
10917 10
10918 18
10919 10
10920 10
10921 4
10922 2
10923 14
10924 10
10925 12
10926 4
10927 5
10928 4
10929 2
10930 14
10931 2
10932 4
10933 18
10934 2
10935 2
10936 12
10937 2
10938 18
10939 18
10940 2
10941 5
10942 4
10943 10
10944 18
10945 5
10946 12
10947 18
10948 2
10949 18
10950 18
10951 12
10952 18
10953 10
10954 18
10955 2
10956 12
10957 10
10958 10
10959 18
10960 14
10961 12
10962 2
10963 2
10964 5
10965 10
10966 18
10967 14
10968 18
10969 5
10970 2
10971 4
10972 2
10973 12
10974 14
10975 2
10976 14
10977 5
10978 10
10979 18
10980 14
10981 12
10982 18
10983 2
10984 18
10985 2
10986 12
10987 14
10988 10
10989 2
10990 14
10991 14
10992 5
10993 14
10994 18
10995 2
10996 12
10997 2
10998 2
10999 10
11000 14
11001 2
11002 14
11003 12
11004 2
11005 18
11006 14
11007 12
11008 12
11009 4
11010 14
11011 5
11012 4
11013 12
11014 4
11015 12
11016 2
11017 2
11018 14
11019 18
11020 18
11021 18
11022 2
11023 4
11024 18
11025 18
11026 4
11027 4
11028 18
11029 12
11030 12
11031 14
11032 14
11033 14
11034 18
11035 5
11036 5
11037 5
11038 14
11039 10
11040 12
11041 18
11042 5
11043 5
11044 12
11045 12
11046 4
11047 2
11048 4
11049 5
11050 2
11051 4
11052 18
11053 12
11054 5
11055 12
11056 14
11057 14
11058 2
11059 10
11060 18
11061 5
11062 4
11063 14
11064 18
11065 10
11066 2
11067 4
11068 10
11069 5
11070 4
11071 5
11072 10
11073 12
11074 10
11075 5
11076 2
11077 12
11078 14
11079 2
11080 12
11081 10
11082 10
11083 4
11084 4
11085 4
11086 5
11087 12
11088 4
11089 12
11090 12
11091 2
11092 4
11093 5
11094 18
11095 5
11096 18
11097 4
11098 14
11099 10
11100 4
11101 10
11102 10
11103 18
11104 2
11105 14
11106 12
11107 4
11108 5
11109 14
11110 10
11111 2
11112 4
11113 14
11114 14
11115 18
11116 12
11117 5
11118 14
11119 12
11120 14
11121 18
11122 4
11123 18
11124 14
11125 12
11126 5
11127 18
11128 4
11129 14
11130 14
11131 18
11132 12
11133 18
11134 10
11135 14
11136 10
11137 18
11138 14
11139 4
11140 10
11141 12
11142 5
11143 10
11144 5
11145 2
11146 4
11147 4
11148 2
11149 14
11150 10
11151 18
11152 18
11153 4
11154 5
11155 14
11156 4
11157 2
11158 10
11159 12
11160 18
11161 4
11162 10
11163 2
11164 10
11165 18
11166 5
11167 14
11168 5
11169 12
11170 4
11171 12
11172 10
11173 12
11174 14
11175 10
11176 5
11177 14
11178 18
11179 2
11180 10
11181 18
11182 14
11183 2
11184 12
11185 10
11186 10
11187 5
11188 4
11189 18
11190 18
11191 4
11192 2
11193 14
11194 18
11195 2
11196 5
11197 5
11198 4
11199 14
11200 4
11201 10
11202 2
11203 2
11204 2
11205 5
11206 10
11207 12
11208 18
11209 14
11210 14
11211 18
11212 2
11213 10
11214 14
11215 12
11216 12
11217 10
11218 10
11219 10
11220 4
11221 4
11222 10
11223 5
11224 18
11225 4
11226 12
11227 10
11228 2
11229 4
11230 12
11231 10
11232 5
11233 12
11234 2
11235 18
11236 14
11237 18
11238 14
11239 18
11240 14
11241 5
11242 10
11243 10
11244 14
11245 18
11246 4
11247 2
11248 5
11249 2
11250 5
11251 14
11252 18
11253 10
11254 18
11255 12
11256 5
11257 2
11258 10
11259 2
11260 18
11261 14
11262 12
11263 10
11264 4
11265 12
11266 10
11267 4
11268 14
11269 2
11270 2
11271 4
11272 4
11273 18
11274 18
11275 10
11276 2
11277 18
11278 5
11279 4
11280 10
11281 18
11282 14
11283 14
11284 10
11285 18
11286 10
11287 12
11288 2
11289 18
11290 10
11291 4
11292 18
11293 14
11294 18
11295 4
11296 14
11297 14
11298 5
11299 4
11300 12
11301 14
11302 10
11303 10
11304 5
11305 14
11306 14
11307 14
11308 2
11309 4
11310 10
11311 18
11312 12
11313 14
11314 14
11315 4
11316 18
11317 2
11318 2
11319 12
11320 10
11321 14
11322 18
11323 2
11324 5
11325 10
11326 4
11327 5
11328 18
11329 10
11330 4
11331 4
11332 5
11333 2
11334 12
11335 14
11336 4
11337 2
11338 14
11339 2
11340 18
11341 18
11342 4
11343 10
11344 18
11345 2
11346 10
11347 4
11348 4
11349 18
11350 18
11351 10
11352 18
11353 12
11354 10
11355 2
11356 2
11357 12
11358 10
11359 4
11360 2
11361 4
11362 5
11363 10
11364 12
11365 14
11366 4
11367 2
11368 12
11369 12
11370 5
11371 18
11372 12
11373 4
11374 4
11375 10
11376 5
11377 14
11378 5
11379 14
11380 10
11381 2
11382 4
11383 12
11384 10
11385 12
11386 18
11387 12
11388 2
11389 5
11390 2
11391 5
11392 4
11393 5
11394 14
11395 18
11396 14
11397 12
11398 4
11399 12
11400 14
11401 18
11402 18
11403 14
11404 2
11405 12
11406 10
11407 14
11408 2
11409 10
11410 4
11411 5
11412 2
11413 12
11414 5
11415 14
11416 5
11417 10
11418 18
11419 5
11420 18
11421 18
11422 18
11423 14
11424 2
11425 12
11426 14
11427 18
11428 10
11429 2
11430 18
11431 5
11432 5
11433 4
11434 10
11435 12
11436 10
11437 18
11438 2
11439 18
11440 2
11441 12
11442 14
11443 4
11444 10
11445 5
11446 10
11447 14
11448 14
11449 18
11450 18
11451 18
11452 5
11453 18
11454 18
11455 4
11456 10
11457 18
11458 4
11459 2
11460 2
11461 18
11462 10
11463 5
11464 4
11465 10
11466 10
11467 5
11468 12
11469 12
11470 10
11471 4
11472 18
11473 4
11474 10
11475 5
11476 18
11477 10
11478 10
11479 5
11480 4
11481 2
11482 5
11483 14
11484 14
11485 10
11486 18
11487 5
11488 12
11489 4
11490 5
11491 4
11492 12
11493 5
11494 14
11495 18
11496 4
11497 10
11498 12
11499 4
11500 2
11501 5
11502 5
11503 5
11504 10
11505 18
11506 2
11507 18
11508 4
11509 2
11510 18
11511 12
11512 10
11513 5
11514 2
11515 18
11516 18
11517 10
11518 14
11519 10
11520 18
11521 2
11522 5
11523 12
11524 14
11525 12
11526 12
11527 4
11528 5
11529 10
11530 10
11531 18
11532 14
11533 18
11534 4
11535 2
11536 2
11537 2
11538 18
11539 14
11540 2
11541 14
11542 18
11543 10
11544 18
11545 4
11546 18
11547 12
11548 18
11549 5
11550 14
11551 18
11552 14
11553 14
11554 14
11555 2
11556 18
11557 14
11558 2
11559 14
11560 12
11561 18
11562 12
11563 2
11564 10
11565 4
11566 18
11567 2
11568 2
11569 5
11570 18
11571 4
11572 18
11573 14
11574 12
11575 14
11576 18
11577 4
11578 10
11579 5
11580 5
11581 14
11582 14
11583 12
11584 14
11585 10
11586 18
11587 12
11588 4
11589 4
11590 4
11591 18
11592 5
11593 14
11594 5
11595 2
11596 2
11597 10
11598 2
11599 5
11600 2
11601 18
11602 12
11603 14
11604 18
11605 12
11606 14
11607 12
11608 5
11609 5
11610 14
11611 5
11612 5
11613 14
11614 12
11615 12
11616 10
11617 5
11618 5
11619 12
11620 10
11621 14
11622 14
11623 10
11624 18
11625 4
11626 18
11627 18
11628 4
11629 2
11630 10
11631 10
11632 2
11633 10
11634 14
11635 10
11636 4
11637 4
11638 2
11639 10
11640 14
11641 18
11642 14
11643 5
11644 12
11645 14
11646 10
11647 2
11648 14
11649 10
11650 10
11651 5
11652 14
11653 2
11654 10
11655 5
11656 2
11657 12
11658 10
11659 14
11660 10
11661 18
11662 14
11663 4
11664 18
11665 5
11666 18
11667 12
11668 18
11669 14
11670 18
11671 12
11672 14
11673 2
11674 2
11675 4
11676 4
11677 5
11678 14
11679 14
11680 18
11681 10
11682 2
11683 14
11684 4
11685 5
11686 12
11687 2
11688 14
11689 12
11690 2
11691 18
11692 2
11693 2
11694 10
11695 10
11696 18
11697 18
11698 5
11699 2
11700 5
11701 2
11702 5
11703 5
11704 18
11705 10
11706 4
11707 2
11708 18
11709 12
11710 2
11711 4
11712 2
11713 18
11714 12
11715 4
11716 4
11717 5
11718 5
11719 14
11720 12
11721 4
11722 14
11723 5
11724 2
11725 10
11726 12
11727 5
11728 5
11729 2
11730 10
11731 2
11732 2
11733 14
11734 10
11735 2
11736 18
11737 12
11738 18
11739 2
11740 4
11741 5
11742 4
11743 12
11744 4
11745 14
11746 4
11747 4
11748 18
11749 18
11750 18
11751 12
11752 14
11753 18
11754 2
11755 12
11756 14
11757 4
11758 10
11759 5
11760 14
11761 12
11762 10
11763 5
11764 18
11765 18
11766 4
11767 2
11768 4
11769 10
11770 14
11771 5
11772 10
11773 10
11774 12
11775 14
11776 4
11777 12
11778 14
11779 5
11780 18
11781 5
11782 2
11783 12
11784 12
11785 18
11786 18
11787 4
11788 4
11789 5
11790 2
11791 14
11792 12
11793 5
11794 5
11795 12
11796 10
11797 4
11798 12
11799 12
11800 12
11801 18
11802 4
11803 4
11804 4
11805 12
11806 12
11807 18
11808 10
11809 14
11810 14
11811 10
11812 10
11813 5
11814 4
11815 5
11816 12
11817 18
11818 18
11819 4
11820 10
11821 4
11822 4
11823 5
11824 2
11825 5
11826 5
11827 5
11828 10
11829 5
11830 2
11831 2
11832 2
11833 18
11834 18
11835 18
11836 2
11837 2
11838 5
11839 5
11840 18
11841 4
11842 5
11843 2
11844 18
11845 12
11846 2
11847 10
11848 5
11849 5
11850 4
11851 4
11852 10
11853 4
11854 12
11855 14
11856 2
11857 12
11858 18
11859 5
11860 14
11861 5
11862 2
11863 2
11864 18
11865 4
11866 4
11867 10
11868 5
11869 2
11870 5
11871 2
11872 14
11873 14
11874 2
11875 14
11876 5
11877 10
11878 12
11879 12
11880 18
11881 4
11882 5
11883 2
11884 4
11885 12
11886 4
11887 2
11888 18
11889 5
11890 5
11891 14
11892 2
11893 18
11894 2
11895 4
11896 12
11897 2
11898 2
11899 2
11900 10
11901 10
11902 18
11903 4
11904 10
11905 14
11906 5
11907 10
11908 5
11909 14
11910 14
11911 2
11912 4
11913 12
11914 5
11915 10
11916 18
11917 12
11918 10
11919 5
11920 10
11921 18
11922 18
11923 12
11924 2
11925 2
11926 12
11927 2
11928 2
11929 18
11930 2
11931 18
11932 12
11933 4
11934 10
11935 5
11936 18
11937 5
11938 12
11939 5
11940 10
11941 14
11942 18
11943 2
11944 10
11945 2
11946 10
11947 14
11948 18
11949 5
11950 2
11951 4
11952 10
11953 14
11954 14
11955 10
11956 18
11957 14
11958 4
11959 14
11960 2
11961 10
11962 18
11963 12
11964 14
11965 10
11966 2
11967 2
11968 18
11969 5
11970 10
11971 14
11972 10
11973 12
11974 5
11975 2
11976 2
11977 10
11978 12
11979 12
11980 18
11981 5
11982 10
11983 10
11984 12
11985 5
11986 10
11987 4
11988 5
11989 5
11990 14
11991 5
11992 18
11993 5
11994 5
11995 4
11996 2
11997 5
11998 12
11999 12
12000 14
